0.277133 0 0 0 0 0 0 
0.377156 0 0 0 0 0 0 
0.477249 0 0 0 0 0 0 
0.597167 0 0 0 0 0 0 
0.697177 0 0 0 0 0 0 
0.817166 0 0 0 0 0 0 
0.937165 0 0 0 0 0 0 
1.05777 0 0 0 0 0 0 
1.17719 0 0 0 0 0 0 
1.29717 0 0 0 0 0 0 
1.41717 0 0 0 0 0 0 
1.51717 0 0 0 0 0 0 
1.6172 0 0 0 0 0 0 
1.7172 0 0 0 0 0 0 
1.83717 0 0 0 0 0 0 
1.95717 0 0 0 0 0 0 
2.05792 0 0 0 0 0 0 
2.1772 0 0 0 0 0 0 
2.29717 0 0 0 0 0 0 
2.41717 0 0 0 0 0 0 
2.51717 0 0 0 0 0 0 
2.63717 0 0 0 0 0 0 
2.75717 0 0 0 0 0 0 
2.87717 0 0 0 0 0 0 
2.99717 0 0 0 0 0 0 
3.09717 0 0 0 0 0 0 
3.19718 0 0 0 0 0 0 
3.31717 0 0 0 0 0 0 
3.43718 0 0 0 0 0 0 
3.55717 0 0 0 0 0 0 
3.67851 0 0 0 0 0 0 
3.79716 0 0 0 0 0 0 
3.89717 0 0 0 0 0 0 
3.99717 0 0 0 0 0 0 
4.11717 0 0 0 0 0 0 
4.23717 0 0 0 0 0 0 
4.33718 0 0 0 0 0 0 
4.45716 0 0 0 0 0 0 
4.55718 0 0 0 0 0 0 
4.67909 0 0 0 0 0 0 
4.79716 0 0 0 0 0 0 
4.8972 0 0 0 0 0 0 
5.01718 0 0 0 0 0 0 
5.11719 0 0 0 0 0 0 
5.21719 0 0 0 0 0 0 
5.33716 0 0 0 0 0 0 
5.45714 0 0 0 0 0 0 
5.57714 164.769 194.727 0 inf 178.5 178.5 
5.67721 214.199 237.999 0 inf 237.999 237.999 
5.79717 267.749 267.749 0 inf 237.999 267.749 
5.89721 267.749 267.749 0 inf 237.999 237.999 
6.01717 267.749 237.999 0 inf 237.999 237.999 
6.11717 237.999 237.999 0 inf 267.749 267.749 
6.21717 267.749 237.999 0 inf 237.999 237.999 
6.31718 267.749 305.999 0 inf 214.199 237.999 
6.43717 267.749 237.999 0 inf 267.749 267.749 
6.53717 237.999 237.999 0 inf 237.999 237.999 
6.65717 305.999 267.749 0 inf 237.999 267.749 
6.77716 267.749 267.749 0 inf 214.199 237.999 
6.87721 237.999 214.199 0 inf 267.749 214.199 
6.99716 267.749 237.999 0 inf 237.999 267.749 
7.09719 237.999 267.749 0 inf 237.999 267.749 
7.19719 267.749 214.199 0 inf 237.999 267.749 
7.2972 267.749 214.199 0 inf 267.749 237.999 
7.41717 237.999 214.199 0 inf 237.999 237.999 
7.51717 267.749 237.999 0 inf 237.999 267.749 
7.63716 267.749 214.199 0 inf 214.199 214.199 
7.73716 237.999 237.999 0 inf 237.999 267.749 
7.83716 237.999 267.749 0 inf 237.999 237.999 
7.95717 267.749 237.999 0 inf 237.999 267.749 
8.07721 237.999 237.999 0 inf 267.749 214.199 
8.1972 267.749 237.999 0 inf 267.749 267.749 
8.2972 267.749 237.999 0 inf 214.199 237.999 
8.41717 237.999 237.999 0 inf 237.999 237.999 
8.51717 267.749 214.199 0 inf 267.749 237.999 
8.63716 267.749 237.999 0 inf 267.749 267.749 
8.73717 267.749 214.199 0 inf 237.999 237.999 
8.85717 267.749 237.999 0 inf 237.999 267.749 
8.95717 237.999 214.199 0 inf 237.999 237.999 
9.0772 237.999 237.999 0 inf 214.199 305.999 
9.1972 267.749 194.727 0 inf 237.999 237.999 
9.29721 237.999 214.199 0 inf 237.999 267.749 
9.41717 267.749 267.749 0 inf 237.999 267.749 
9.51717 237.999 237.999 0 inf 237.999 267.749 
9.63716 267.749 237.999 0 inf 237.999 237.999 
9.73716 237.999 214.199 0 inf 237.999 214.199 
9.85717 237.999 237.999 0 inf 214.199 267.749 
9.97717 305.999 214.199 0 inf 237.999 237.999 
10.0772 267.749 214.199 0 inf 237.999 237.999 
10.1972 267.749 267.749 0 inf 267.749 267.749 
10.2972 305.999 267.749 0 inf 267.749 237.999 
10.4172 267.749 214.199 0 inf 237.999 214.199 
10.5372 267.749 267.749 0 inf 237.999 237.999 
10.6572 267.749 214.199 0 inf 214.199 237.999 
10.7572 267.749 214.199 0 inf 237.999 214.199 
10.8572 237.999 237.999 0 inf 267.749 267.749 
10.9772 305.999 267.749 0 inf 237.999 267.749 
11.0772 267.749 214.199 0 inf 267.749 267.749 
11.1973 267.749 214.199 0 inf 267.749 237.999 
11.3172 237.999 237.999 0 inf 237.999 237.999 
11.4372 267.749 237.999 0 inf 267.749 267.749 
11.5372 267.749 214.199 0 inf 267.749 237.999 
11.6572 267.749 237.999 0 inf 237.999 267.749 
11.7772 267.749 237.999 0 inf 267.749 267.749 
11.8772 237.999 237.999 0 inf 267.749 237.999 
11.9972 267.749 237.999 0 inf 237.999 214.199 
12.0972 267.749 214.199 0 inf 237.999 267.749 
12.1972 267.749 237.999 0 inf 267.749 267.749 
12.3172 267.749 214.199 0 inf 267.749 267.749 
12.4372 267.749 214.199 0 inf 214.199 214.199 
12.5572 237.999 267.749 0 inf 237.999 267.749 
12.6772 267.749 237.999 0 inf 237.999 237.999 
12.7972 267.749 267.749 0 inf 237.999 267.749 
12.8972 237.999 267.749 0 inf 214.199 267.749 
13.0172 267.749 237.999 0 inf 267.749 237.999 
13.1172 267.749 237.999 0 inf 214.199 214.199 
13.2172 267.749 237.999 0 inf 237.999 237.999 
13.3372 305.999 237.999 0 inf 267.749 267.749 
13.4572 237.999 194.727 0 inf 267.749 237.999 
13.5772 237.999 267.749 0 inf 267.749 267.749 
13.6772 267.749 237.999 0 inf 237.999 267.749 
13.7972 237.999 237.999 0 inf 267.749 214.199 
13.8972 237.999 267.749 0 inf 267.749 267.749 
14.0172 267.749 237.999 0 inf 237.999 237.999 
14.1172 267.749 267.749 0 inf 237.999 237.999 
14.2172 237.999 237.999 0 inf 267.749 237.999 
14.3372 237.999 214.199 0 inf 237.999 267.749 
14.4572 267.749 267.749 0 inf 237.999 237.999 
14.5772 267.749 267.749 0 inf 237.999 237.999 
14.6772 267.749 237.999 0 inf 237.999 267.749 
14.7972 237.999 237.999 0 inf 267.749 267.749 
14.8972 267.749 237.999 0 inf 237.999 237.999 
15.0172 267.749 194.727 0 inf 267.749 267.749 
15.1372 214.199 214.199 0 inf 237.999 237.999 
15.2372 267.749 267.749 0 inf 237.999 237.999 
15.3572 305.999 237.999 0 inf 237.999 237.999 
15.4772 267.749 237.999 0 inf 267.749 237.999 
15.5972 237.999 237.999 0 inf 237.999 267.749 
15.6972 267.749 237.999 0 inf 237.999 237.999 
15.8172 237.999 194.727 0 inf 267.749 267.749 
15.9172 267.749 237.999 0 inf 267.749 237.999 
16.0372 267.749 267.749 0 inf 267.749 267.749 
16.1372 267.749 214.199 0 inf 267.749 237.999 
16.2372 267.749 214.199 0 inf 267.749 237.999 
16.3572 267.749 267.749 0 inf 214.199 237.999 
16.4772 267.749 237.999 0 inf 237.999 214.199 
16.5972 267.749 237.999 0 inf 267.749 267.749 
16.6972 267.749 214.199 0 inf 237.999 267.749 
16.8172 267.749 237.999 0 inf 237.999 237.999 
16.9172 267.749 214.199 0 inf 214.199 214.199 
17.0372 267.749 237.999 0 inf 237.999 267.749 
17.1372 267.749 237.999 0 inf 267.749 267.749 
17.2372 237.999 214.199 0 inf 237.999 214.199 
17.3572 267.749 237.999 0 inf 267.749 237.999 
17.4772 267.749 237.999 0 inf 214.199 214.199 
17.5972 267.749 237.999 0 inf 267.749 214.199 
17.6972 267.749 214.199 0 inf 237.999 237.999 
17.8172 267.749 267.749 0 inf 237.999 267.749 
17.9172 267.749 267.749 0 inf 237.999 267.749 
18.0372 267.749 237.999 0 inf 237.999 267.749 
18.1572 237.999 194.727 0 inf 237.999 267.749 
18.2572 267.749 214.199 0 inf 214.199 237.999 
18.3772 267.749 214.199 0 inf 267.749 214.199 
18.4776 267.749 214.199 0 inf 267.749 237.999 
18.5971 267.749 237.999 0 inf 237.999 237.999 
18.6972 267.749 267.749 0 inf 267.749 305.999 
18.8172 267.749 237.999 0 inf 237.999 237.999 
18.9172 267.749 237.999 0 inf 237.999 267.749 
19.0372 267.749 267.749 0 inf 237.999 267.749 
19.1572 267.749 267.749 0 inf 267.749 267.749 
19.2772 237.999 214.199 0 inf 267.749 237.999 
19.3972 267.749 214.199 0 inf 237.999 237.999 
19.4972 267.749 267.749 0 inf 237.999 267.749 
19.6172 267.749 237.999 0 inf 237.999 237.999 
19.7172 305.999 194.727 0 inf 237.999 237.999 
19.8372 267.749 267.749 0 inf 267.749 267.749 
19.9572 267.749 267.749 0 inf 267.749 237.999 
20.0572 267.749 237.999 0 inf 267.749 267.749 
20.1572 237.999 237.999 0 inf 194.727 267.749 
20.2572 267.749 237.999 0 inf 267.749 267.749 
20.3772 305.999 237.999 0 inf 267.749 237.999 
20.4773 305.999 237.999 0 inf 237.999 237.999 
20.5972 267.749 267.749 0 inf 237.999 267.749 
20.6972 305.999 214.199 0 inf 267.749 237.999 
20.8172 214.199 267.749 0 inf 267.749 237.999 
20.9172 267.749 214.199 0 inf 237.999 267.749 
21.0372 267.749 237.999 0 inf 267.749 267.749 
21.1372 267.749 237.999 0 inf 267.749 214.199 
21.2372 267.749 214.199 0 inf 237.999 267.749 
21.3572 237.999 267.749 0 inf 237.999 237.999 
21.4772 267.749 237.999 0 inf 267.749 237.999 
21.5972 267.749 214.199 0 inf 237.999 267.749 
21.6972 267.749 237.999 0 inf 237.999 267.749 
21.8172 305.999 237.999 0 inf 267.749 237.999 
21.9172 237.999 237.999 0 inf 267.749 214.199 
22.0372 267.749 267.749 0 inf 237.999 237.999 
22.1372 267.749 267.749 0 inf 267.749 237.999 
22.2372 267.749 237.999 0 inf 237.999 267.749 
22.3572 267.749 237.999 0 inf 267.749 267.749 
22.4772 267.749 305.999 0 inf 237.999 237.999 
22.5972 237.999 237.999 0 inf 267.749 237.999 
22.6972 267.749 214.199 0 inf 237.999 237.999 
22.8172 305.999 237.999 0 inf 237.999 267.749 
22.9172 267.749 267.749 0 inf 267.749 267.749 
23.0372 237.999 237.999 0 inf 267.749 237.999 
23.1372 305.999 237.999 0 inf 267.749 237.999 
23.2372 267.749 214.199 0 inf 267.749 267.749 
23.3572 237.999 214.199 0 inf 237.999 237.999 
23.4773 237.999 214.199 0 inf 237.999 237.999 
23.5972 267.749 237.999 0 inf 237.999 237.999 
23.6972 237.999 267.749 0 inf 267.749 267.749 
23.8172 237.999 237.999 0 inf 267.749 237.999 
23.9172 237.999 237.999 0 inf 237.999 267.749 
24.0372 237.999 267.749 0 inf 267.749 237.999 
24.1372 305.999 237.999 0 inf 267.749 237.999 
24.2372 267.749 214.199 0 inf 267.749 267.749 
24.3572 237.999 237.999 0 inf 214.199 237.999 
24.4772 305.999 267.749 0 inf 267.749 267.749 
24.5972 237.999 194.727 0 inf 267.749 237.999 
24.6972 267.749 237.999 0 inf 237.999 267.749 
24.8172 305.999 267.749 0 inf 267.749 267.749 
24.9172 237.999 214.199 0 inf 214.199 214.199 
25.0372 267.749 237.999 0 inf 267.749 237.999 
25.1372 267.749 214.199 0 inf 267.749 267.749 
25.2372 267.749 267.749 0 inf 267.749 305.999 
25.3572 267.749 237.999 0 inf 267.749 237.999 
25.4772 267.749 267.749 0 inf 237.999 267.749 
25.5972 267.749 267.749 0 inf 267.749 267.749 
25.6972 267.749 237.999 0 inf 267.749 267.749 
25.8172 267.749 237.999 0 inf 237.999 267.749 
25.9172 237.999 214.199 0 inf 237.999 237.999 
26.0372 237.999 237.999 0 inf 267.749 237.999 
26.1372 237.999 237.999 0 inf 237.999 237.999 
26.2372 305.999 267.749 0 inf 237.999 237.999 
26.3572 267.749 267.749 0 inf 237.999 267.749 
26.4772 267.749 237.999 0 inf 237.999 237.999 
26.5972 267.749 214.199 0 inf 237.999 267.749 
26.6972 267.749 267.749 0 inf 267.749 214.199 
26.8172 267.749 237.999 0 inf 267.749 267.749 
26.9172 305.999 214.199 0 inf 237.999 237.999 
27.0372 267.749 237.999 0 inf 237.999 267.749 
27.1372 305.999 305.999 0 inf 214.199 237.999 
27.2372 267.749 214.199 0 inf 237.999 237.999 
27.3572 267.749 237.999 0 inf 237.999 237.999 
27.4772 267.749 267.749 0 inf 267.749 267.749 
27.5971 267.749 237.999 0 inf 267.749 267.749 
27.6972 267.749 194.727 0 inf 237.999 267.749 
27.8172 267.749 237.999 0 inf 267.749 267.749 
27.9172 267.749 237.999 0 inf 267.749 267.749 
28.0372 237.999 237.999 0 inf 267.749 237.999 
28.1372 267.749 214.199 0 inf 237.999 267.749 
28.2372 267.749 267.749 0 inf 267.749 237.999 
28.3572 267.749 237.999 0 inf 267.749 267.749 
28.4772 267.749 237.999 0 inf 237.999 237.999 
28.5972 267.749 267.749 0 inf 237.999 237.999 
28.6972 237.999 237.999 0 inf 267.749 267.749 
28.8172 237.999 237.999 0 inf 214.199 237.999 
28.9172 237.999 237.999 0 inf 237.999 237.999 
29.0372 237.999 267.749 0 inf 267.749 237.999 
29.1572 237.999 237.999 0 inf 237.999 237.999 
29.2572 267.749 214.199 0 inf 267.749 267.749 
29.3772 237.999 305.999 0 inf 237.999 237.999 
29.4772 237.999 237.999 0 inf 237.999 237.999 
29.5972 305.999 237.999 0 inf 237.999 237.999 
29.6972 267.749 237.999 0 inf 237.999 267.749 
29.8172 267.749 267.749 0 inf 267.749 237.999 
29.9172 267.749 237.999 0 inf 267.749 267.749 
30.0372 237.999 237.999 0 inf 237.999 267.749 
30.1372 267.749 267.749 0 inf 267.749 267.749 
30.2572 267.749 214.199 0 inf 267.749 237.999 
30.3772 267.749 237.999 0 inf 267.749 237.999 
30.4772 237.999 214.199 0 inf 237.999 237.999 
30.5972 237.999 267.749 0 inf 267.749 267.749 
30.6972 267.749 237.999 0 inf 267.749 237.999 
30.8172 214.199 237.999 0 inf 237.999 267.749 
30.9172 237.999 267.749 0 inf 267.749 237.999 
31.0372 267.749 237.999 0 inf 267.749 237.999 
31.1372 237.999 214.199 0 inf 237.999 237.999 
31.2572 237.999 214.199 0 inf 214.199 267.749 
31.3772 237.999 237.999 0 inf 267.749 305.999 
31.4772 267.749 214.199 0 inf 237.999 237.999 
31.5972 237.999 267.749 0 inf 267.749 267.749 
31.6972 267.749 237.999 0 inf 237.999 267.749 
31.8172 305.999 237.999 0 inf 237.999 237.999 
31.9172 237.999 237.999 0 inf 237.999 237.999 
32.0372 237.999 267.749 0 inf 267.749 267.749 
32.1372 237.999 237.999 0 inf 267.749 305.999 
32.2572 214.199 194.727 0 inf 237.999 214.199 
32.3772 267.749 237.999 0 inf 267.749 267.749 
32.4772 267.749 237.999 0 inf 267.749 267.749 
32.5972 237.999 237.999 0 inf 237.999 237.999 
32.6972 237.999 214.199 0 inf 267.749 237.999 
32.8172 214.199 237.999 0 inf 267.749 267.749 
32.9372 267.749 237.999 0 inf 267.749 237.999 
33.0572 214.199 214.199 0 inf 237.999 267.749 
33.1572 237.999 214.199 0 inf 237.999 237.999 
33.2572 237.999 267.749 0 inf 237.999 356.999 
33.3772 237.999 237.999 0 inf 237.999 237.999 
33.4773 237.999 214.199 0 inf 214.199 237.999 
33.5972 267.749 267.749 0 inf 267.749 267.749 
33.6972 214.199 237.999 0 inf 267.749 237.999 
33.8172 267.749 237.999 0 inf 267.749 267.749 
33.9172 267.749 237.999 0 inf 267.749 267.749 
34.0372 237.999 267.749 0 inf 267.749 267.749 
34.1372 237.999 214.199 0 inf 267.749 237.999 
34.2572 267.749 237.999 0 inf 237.999 267.749 
34.3772 267.749 267.749 0 inf 237.999 237.999 
34.4772 237.999 237.999 0 inf 237.999 237.999 
34.5972 267.749 237.999 0 inf 267.749 237.999 
34.6972 267.749 214.199 0 inf 214.199 237.999 
34.8172 237.999 237.999 0 inf 267.749 267.749 
34.9172 237.999 194.727 0 inf 267.749 267.749 
35.0372 237.999 267.749 0 inf 237.999 267.749 
35.1372 214.199 267.749 0 inf 237.999 214.199 
35.2574 214.199 214.199 0 inf 237.999 237.999 
35.3772 267.749 214.199 0 inf 214.199 267.749 
35.4772 237.999 267.749 0 inf 267.749 214.199 
35.5972 237.999 237.999 0 inf 267.749 267.749 
35.6972 267.749 214.199 0 inf 237.999 237.999 
35.8172 267.749 237.999 0 inf 214.199 237.999 
35.9172 214.199 267.749 0 inf 237.999 237.999 
36.0372 237.999 237.999 0 inf 267.749 237.999 
36.1372 237.999 214.199 0 inf 194.727 214.199 
36.2577 237.999 267.749 0 inf 267.749 237.999 
36.3772 237.999 237.999 0 inf 237.999 267.749 
36.4772 237.999 214.199 0 inf 237.999 237.999 
36.5972 214.199 214.199 0 inf 267.749 237.999 
36.6972 237.999 267.749 0 inf 237.999 267.749 
36.8172 267.749 237.999 0 inf 237.999 267.749 
36.9172 267.749 237.999 0 inf 237.999 267.749 
37.0372 237.999 267.749 0 inf 267.749 237.999 
37.1372 237.999 267.749 0 inf 267.749 267.749 
37.2572 237.999 214.199 0 inf 267.749 214.199 
37.3572 214.199 237.999 0 inf 237.999 267.749 
37.4772 214.199 267.749 0 inf 237.999 305.999 
37.5972 267.749 237.999 0 inf 237.999 237.999 
37.6972 214.199 237.999 0 inf 267.749 267.749 
37.8172 237.999 267.749 0 inf 267.749 237.999 
37.9172 214.199 237.999 0 inf 214.199 267.749 
38.0372 267.749 214.199 0 inf 237.999 267.749 
38.1372 214.199 237.999 0 inf 237.999 267.749 
38.2572 237.999 267.749 0 inf 267.749 237.999 
38.3772 237.999 237.999 0 inf 237.999 237.999 
38.4772 214.199 267.749 0 inf 267.749 267.749 
38.5972 237.999 305.999 0 inf 237.999 237.999 
38.6972 237.999 237.999 0 inf 267.749 237.999 
38.8172 237.999 237.999 0 inf 267.749 267.749 
38.9172 214.199 267.749 0 inf 267.749 267.749 
39.0372 214.199 267.749 0 inf 237.999 267.749 
39.1372 237.999 237.999 0 inf 237.999 267.749 
39.2572 214.199 267.749 0 inf 237.999 267.749 
39.3572 214.199 267.749 0 inf 267.749 237.999 
39.4772 237.999 237.999 0 inf 267.749 267.749 
39.5972 237.999 237.999 0 inf 237.999 267.749 
39.6972 237.999 267.749 0 inf 267.749 237.999 
39.8172 237.999 237.999 0 inf 267.749 305.999 
39.9172 194.727 237.999 0 inf 237.999 237.999 
40.0372 214.199 237.999 0 inf 267.749 237.999 
40.1372 237.999 237.999 0 inf 237.999 267.749 
40.2572 267.749 237.999 0 inf 237.999 267.749 
40.3572 237.999 214.199 0 inf 237.999 237.999 
40.4772 237.999 267.749 0 inf 237.999 237.999 
40.5972 214.199 267.749 0 inf 237.999 267.749 
40.6972 267.749 214.199 0 inf 237.999 214.199 
40.8172 214.199 267.749 0 inf 267.749 237.999 
40.9172 237.999 237.999 0 inf 237.999 267.749 
41.0372 214.199 214.199 0 inf 237.999 237.999 
41.1372 237.999 267.749 0 inf 267.749 267.749 
41.2572 194.727 267.749 0 inf 214.199 267.749 
41.3572 214.199 237.999 0 inf 214.199 305.999 
41.4772 237.999 237.999 0 inf 267.749 267.749 
41.5972 214.199 267.749 0 inf 267.749 267.749 
41.6973 214.199 267.749 0 inf 237.999 237.999 
41.8172 237.999 237.999 0 inf 267.749 237.999 
41.9172 237.999 237.999 0 inf 267.749 237.999 
42.0372 214.199 305.999 0 inf 267.749 237.999 
42.1372 237.999 237.999 0 inf 237.999 237.999 
42.2572 237.999 237.999 0 inf 267.749 237.999 
42.3572 214.199 267.749 0 inf 267.749 267.749 
42.4772 214.199 214.199 0 inf 237.999 267.749 
42.5972 237.999 237.999 0 inf 237.999 214.199 
42.6972 214.199 267.749 0 inf 237.999 267.749 
42.8172 194.727 267.749 0 inf 237.999 237.999 
42.9172 214.199 237.999 0 inf 237.999 267.749 
43.0372 214.199 194.727 0 inf 267.749 237.999 
43.1372 214.199 267.749 0 inf 237.999 237.999 
43.2572 237.999 237.999 0 inf 267.749 267.749 
43.3572 237.999 237.999 0 inf 237.999 237.999 
43.4772 237.999 214.199 0 inf 267.749 267.749 
43.5972 214.199 267.749 0 inf 267.749 267.749 
43.6972 214.199 237.999 0 inf 214.199 237.999 
43.8172 237.999 267.749 0 inf 237.999 267.749 
43.9172 194.727 237.999 0 inf 267.749 214.199 
44.0372 214.199 237.999 0 inf 267.749 267.749 
44.1372 237.999 237.999 0 inf 237.999 237.999 
44.2572 214.199 267.749 0 inf 237.999 267.749 
44.3572 237.999 237.999 0 inf 267.749 267.749 
44.4772 214.199 214.199 0 inf 214.199 267.749 
44.5972 237.999 237.999 0 inf 237.999 267.749 
44.6972 267.749 267.749 0 inf 214.199 237.999 
44.8172 214.199 237.999 0 inf 237.999 267.749 
44.9372 237.999 237.999 0 inf 267.749 237.999 
45.0372 237.999 267.749 0 inf 267.749 267.749 
45.1372 214.199 237.999 0 inf 237.999 237.999 
45.2572 214.199 237.999 0 inf 237.999 237.999 
45.3772 214.199 214.199 0 inf 237.999 267.749 
45.4782 237.999 305.999 0 inf 267.749 237.999 
45.5972 178.5 214.199 0 inf 237.999 237.999 
45.6972 214.199 237.999 0 inf 267.749 267.749 
45.8172 237.999 305.999 0 inf 267.749 267.749 
45.9372 214.199 237.999 0 inf 267.749 267.749 
46.0572 194.727 194.727 0 inf 237.999 237.999 
46.1572 214.199 237.999 0 inf 237.999 267.749 
46.2772 214.199 237.999 0 inf 267.749 267.749 
46.3972 214.199 237.999 0 inf 214.199 237.999 
46.4972 194.727 267.749 0 inf 267.749 214.199 
46.6172 214.199 305.999 0 inf 267.749 237.999 
46.7172 237.999 237.999 0 inf 237.999 267.749 
46.8172 178.5 214.199 0 inf 237.999 214.199 
46.9372 214.199 267.749 0 inf 267.749 237.999 
47.0572 194.727 237.999 0 inf 267.749 267.749 
47.1572 214.199 214.199 0 inf 214.199 237.999 
47.2772 178.5 267.749 0 inf 267.749 267.749 
47.3972 194.727 237.999 0 inf 267.749 237.999 
47.4972 214.199 237.999 0 inf 267.749 237.999 
47.6172 194.727 214.199 0 inf 237.999 237.999 
47.7172 214.199 237.999 0 inf 237.999 237.999 
47.8372 237.999 237.999 0 inf 267.749 237.999 
47.9372 214.199 214.199 0 inf 237.999 237.999 
48.0572 214.199 237.999 0 inf 237.999 267.749 
48.1572 237.999 237.999 0 inf 237.999 237.999 
48.2772 237.999 237.999 0 inf 237.999 237.999 
48.3972 194.727 237.999 0 inf 267.749 267.749 
48.4972 214.199 267.749 0 inf 267.749 267.749 
48.6172 194.727 214.199 0 inf 267.749 267.749 
48.7172 214.199 214.199 0 inf 214.199 237.999 
48.8372 194.727 237.999 0 inf 267.749 237.999 
48.9572 194.727 237.999 0 inf 267.749 267.749 
49.0572 214.199 237.999 0 inf 237.999 267.749 
49.1572 214.199 237.999 0 inf 267.749 267.749 
49.2772 194.727 267.749 0 inf 267.749 267.749 
49.3972 214.199 237.999 0 inf 237.999 305.999 
49.4972 237.999 214.199 0 inf 237.999 214.199 
49.6172 237.999 267.749 0 inf 267.749 237.999 
49.7172 237.999 237.999 0 inf 267.749 237.999 
49.8172 237.999 214.199 0 inf 237.999 237.999 
49.9372 267.749 267.749 0 inf 267.749 267.749 
50.0572 237.999 267.749 0 inf 267.749 267.749 
50.1572 237.999 237.999 0 inf 237.999 267.749 
50.2772 214.199 214.199 0 inf 267.749 214.199 
50.3972 237.999 267.749 0 inf 214.199 214.199 
50.5172 214.199 214.199 0 inf 267.749 237.999 
50.6372 267.749 214.199 0 inf 267.749 214.199 
50.7372 237.999 214.199 0 inf 214.199 267.749 
50.8572 214.199 237.999 0 inf 237.999 214.199 
50.9772 214.199 194.727 0 inf 267.749 237.999 
51.0772 237.999 267.749 0 inf 267.749 237.999 
51.1972 237.999 267.749 0 inf 267.749 237.999 
51.2972 214.199 237.999 0 inf 237.999 267.749 
51.4172 214.199 237.999 0 inf 237.999 237.999 
51.5172 214.199 214.199 0 inf 237.999 267.749 
51.6372 214.199 237.999 0 inf 237.999 237.999 
51.7372 237.999 237.999 0 inf 237.999 267.749 
51.8372 164.769 356.999 0 inf 428.399 237.999 
51.9572 237.999 237.999 0 inf 267.749 267.749 
52.0772 214.199 237.999 0 inf 214.199 214.199 
52.1972 214.199 214.199 0 inf 237.999 214.199 
52.2972 194.727 214.199 0 inf 267.749 267.749 
52.4172 214.199 237.999 0 inf 237.999 237.999 
52.5172 194.727 214.199 0 inf 214.199 237.999 
52.6372 194.727 237.999 0 inf 237.999 214.199 
52.7372 214.199 214.199 0 inf 214.199 237.999 
52.8572 214.199 237.999 0 inf 237.999 237.999 
52.9772 194.727 214.199 0 inf 237.999 237.999 
53.0772 178.5 214.199 0 inf 237.999 267.749 
53.1972 214.199 237.999 0 inf 237.999 237.999 
53.2972 178.5 214.199 0 inf 237.999 237.999 
53.4172 194.727 267.749 0 inf 237.999 237.999 
53.5172 194.727 267.749 0 inf 237.999 267.749 
53.6372 194.727 214.199 0 inf 237.999 214.199 
53.7372 178.5 214.199 0 inf 214.199 237.999 
53.8372 194.727 237.999 0 inf 237.999 237.999 
53.9572 194.727 267.749 0 inf 237.999 237.999 
54.0572 194.727 214.199 0 inf 237.999 237.999 
54.1572 214.199 214.199 0 inf 237.999 237.999 
54.2772 194.727 237.999 0 inf 237.999 237.999 
54.3972 178.5 237.999 0 inf 214.199 237.999 
54.4972 214.199 214.199 0 inf 214.199 237.999 
54.6172 178.5 237.999 0 inf 214.199 214.199 
54.7172 178.5 214.199 0 inf 214.199 267.749 
54.8172 214.199 237.999 0 inf 267.749 237.999 
54.9372 194.727 237.999 0 inf 214.199 237.999 
55.0572 194.727 214.199 0 inf 214.199 267.749 
55.1572 194.727 267.749 0 inf 237.999 237.999 
55.2772 194.727 237.999 0 inf 237.999 267.749 
55.3972 214.199 214.199 0 inf 214.199 237.999 
55.4972 214.199 305.999 0 inf 214.199 237.999 
55.6172 178.5 214.199 0 inf 237.999 237.999 
55.7172 194.727 214.199 0 inf 237.999 267.749 
55.8172 194.727 214.199 0 inf 237.999 237.999 
55.9372 214.199 267.749 0 inf 237.999 267.749 
56.0572 194.727 194.727 0 inf 237.999 237.999 
56.1572 194.727 214.199 0 inf 194.727 237.999 
56.2773 194.727 267.749 0 inf 237.999 237.999 
56.3972 194.727 214.199 0 inf 214.199 214.199 
56.4972 214.199 194.727 0 inf 237.999 267.749 
56.6172 178.5 237.999 0 inf 214.199 237.999 
56.7172 214.199 267.749 0 inf 237.999 237.999 
56.8172 214.199 194.727 0 inf 214.199 214.199 
56.9372 194.727 214.199 0 inf 194.727 214.199 
57.0572 178.5 237.999 0 inf 194.727 237.999 
57.1572 194.727 237.999 0 inf 237.999 237.999 
57.2772 214.199 214.199 0 inf 237.999 237.999 
57.3972 178.5 194.727 0 inf 214.199 194.727 
57.4972 194.727 267.749 0 inf 214.199 267.749 
57.6172 178.5 214.199 0 inf 237.999 237.999 
57.7172 214.199 194.727 0 inf 237.999 237.999 
57.8172 178.5 237.999 0 inf 194.727 194.727 
57.9372 178.5 267.749 0 inf 214.199 237.999 
58.0572 214.199 237.999 0 inf 237.999 237.999 
58.1572 178.5 194.727 0 inf 214.199 214.199 
58.2772 164.769 237.999 0 inf 214.199 214.199 
58.3972 164.769 214.199 0 inf 237.999 194.727 
58.4972 194.727 214.199 0 inf 237.999 237.999 
58.6172 194.727 237.999 0 inf 214.199 214.199 
58.7172 164.769 237.999 0 inf 178.5 237.999 
58.8172 194.727 214.199 0 inf 214.199 237.999 
58.9372 194.727 214.199 0 inf 214.199 267.749 
59.0572 194.727 237.999 0 inf 214.199 237.999 
59.1572 214.199 267.749 0 inf 178.5 237.999 
59.2772 194.727 214.199 0 inf 237.999 237.999 
59.3972 194.727 237.999 0 inf 237.999 214.199 
59.4972 194.727 214.199 0 inf 237.999 237.999 
59.6172 194.727 237.999 0 inf 237.999 237.999 
59.7172 194.727 237.999 0 inf 237.999 237.999 
59.8176 194.727 214.199 0 inf 194.727 214.199 
59.9371 194.727 237.999 0 inf 214.199 237.999 
60.0372 194.727 214.199 0 inf 214.199 237.999 
60.1372 164.769 214.199 0 inf 237.999 237.999 
60.2572 164.769 237.999 0 inf 214.199 214.199 
60.3572 194.727 237.999 0 inf 214.199 237.999 
60.4772 178.5 214.199 0 inf 214.199 237.999 
60.5972 178.5 214.199 0 inf 214.199 214.199 
60.6972 194.727 214.199 0 inf 214.199 237.999 
60.82 214.199 214.199 0 inf 214.199 237.999 
60.9372 194.727 194.727 0 inf 214.199 237.999 
61.0572 194.727 214.199 0 inf 214.199 237.999 
61.1572 178.5 237.999 0 inf 214.199 214.199 
61.2772 194.727 214.199 0 inf 214.199 237.999 
61.3972 194.727 214.199 0 inf 214.199 237.999 
61.4972 214.199 237.999 0 inf 214.199 237.999 
61.6172 178.5 237.999 0 inf 214.199 237.999 
61.7172 178.5 237.999 0 inf 194.727 237.999 
61.8372 194.727 214.199 0 inf 237.999 237.999 
61.9572 214.199 237.999 0 inf 237.999 214.199 
62.0572 194.727 237.999 0 inf 214.199 237.999 
62.1572 194.727 214.199 0 inf 194.727 237.999 
62.2772 194.727 194.727 0 inf 214.199 214.199 
62.3972 214.199 267.749 0 inf 214.199 194.727 
62.4972 194.727 214.199 0 inf 214.199 214.199 
62.6172 194.727 194.727 0 inf 194.727 237.999 
62.7372 178.5 214.199 0 inf 214.199 214.199 
62.8372 237.999 237.999 0 inf 214.199 214.199 
62.9572 178.5 214.199 0 inf 194.727 237.999 
63.0572 194.727 214.199 0 inf 194.727 237.999 
63.1572 194.727 194.727 0 inf 214.199 214.199 
63.2772 194.727 237.999 0 inf 194.727 237.999 
63.3972 178.5 214.199 0 inf 214.199 237.999 
63.4972 164.769 214.199 0 inf 194.727 237.999 
63.6172 164.769 194.727 0 inf 214.199 214.199 
63.7172 178.5 237.999 0 inf 194.727 214.199 
63.8372 178.5 214.199 0 inf 194.727 194.727 
63.9572 164.769 178.5 0 inf 194.727 214.199 
64.0572 194.727 237.999 0 inf 214.199 214.199 
64.1572 194.727 237.999 0 inf 237.999 237.999 
64.2775 194.727 194.727 0 inf 237.999 214.199 
64.3972 178.5 237.999 0 inf 194.727 214.199 
64.4972 194.727 214.199 0 inf 214.199 214.199 
64.6172 194.727 214.199 0 inf 214.199 214.199 
64.7172 194.727 214.199 0 inf 214.199 237.999 
64.8372 178.5 214.199 0 inf 214.199 214.199 
64.9572 178.5 237.999 0 inf 214.199 237.999 
65.0572 194.727 214.199 0 inf 194.727 214.199 
65.1572 178.5 178.5 0 inf 214.199 178.5 
65.2772 164.769 214.199 0 inf 194.727 237.999 
65.3972 164.769 214.199 0 inf 214.199 214.199 
65.4972 194.727 194.727 0 inf 214.199 237.999 
65.6172 178.5 194.727 0 inf 194.727 214.199 
65.7172 194.727 194.727 0 inf 194.727 237.999 
65.8372 164.769 214.199 0 inf 214.199 237.999 
65.9572 178.5 194.727 0 inf 214.199 237.999 
66.0772 194.727 214.199 0 inf 194.727 237.999 
66.1972 194.727 237.999 0 inf 194.727 214.199 
66.2972 178.5 237.999 0 inf 194.727 214.199 
66.4172 178.5 194.727 0 inf 214.199 214.199 
66.5172 194.727 194.727 0 inf 214.199 214.199 
66.6372 178.5 214.199 0 inf 194.727 214.199 
66.7572 164.769 194.727 0 inf 194.727 237.999 
66.8572 194.727 214.199 0 inf 194.727 237.999 
66.9772 178.5 214.199 0 inf 214.199 237.999 
67.0772 164.769 214.199 0 inf 214.199 194.727 
67.1972 164.769 214.199 0 inf 178.5 214.199 
67.2972 178.5 194.727 0 inf 194.727 237.999 
67.4172 178.5 214.199 0 inf 214.199 237.999 
67.5172 194.727 214.199 0 inf 214.199 214.199 
67.6372 194.727 194.727 0 inf 194.727 214.199 
67.7572 164.769 214.199 0 inf 214.199 214.199 
67.8572 153 214.199 0 inf 214.199 237.999 
67.9772 178.5 237.999 0 inf 214.199 214.199 
68.0772 194.727 214.199 0 inf 194.727 214.199 
68.1972 178.5 214.199 0 inf 194.727 237.999 
68.2972 164.769 214.199 0 inf 194.727 237.999 
68.4172 194.727 214.199 0 inf 214.199 214.199 
68.5172 194.727 194.727 0 inf 194.727 214.199 
68.6372 194.727 194.727 0 inf 194.727 194.727 
68.7372 142.8 214.199 0 inf 194.727 214.199 
68.8572 194.727 194.727 0 inf 194.727 194.727 
68.9772 178.5 214.199 0 inf 194.727 214.199 
69.0772 178.5 178.5 0 inf 164.769 214.199 
69.1972 153 194.727 0 inf 194.727 237.999 
69.2972 178.5 194.727 0 inf 194.727 194.727 
69.4172 153 178.5 0 inf 178.5 178.5 
69.5172 178.5 214.199 0 inf 194.727 214.199 
69.6372 178.5 194.727 0 inf 178.5 194.727 
69.7572 178.5 214.199 0 inf 194.727 214.199 
69.8572 194.727 194.727 0 inf 194.727 214.199 
69.9772 178.5 194.727 0 inf 194.727 214.199 
70.0772 178.5 194.727 0 inf 178.5 214.199 
70.1972 153 194.727 0 inf 178.5 178.5 
70.2972 164.769 194.727 0 inf 194.727 214.199 
70.4172 178.5 194.727 0 inf 194.727 214.199 
70.5372 164.769 178.5 0 inf 178.5 214.199 
70.6572 178.5 194.727 0 inf 164.769 194.727 
70.7572 164.769 178.5 0 inf 178.5 178.5 
70.8572 164.769 178.5 0 inf 194.727 194.727 
70.9772 178.5 178.5 0 inf 178.5 194.727 
71.0772 164.769 237.999 0 inf 178.5 194.727 
71.1972 164.769 178.5 0 inf 194.727 178.5 
71.2972 164.769 194.727 0 inf 194.727 194.727 
71.4172 164.769 194.727 0 inf 194.727 214.199 
71.5172 164.769 237.999 0 inf 194.727 237.999 
71.6372 178.5 194.727 0 inf 194.727 194.727 
71.7372 142.8 194.727 0 inf 164.769 214.199 
71.8372 164.769 214.199 0 inf 194.727 194.727 
71.9572 164.769 237.999 0 inf 194.727 194.727 
72.0572 178.5 194.727 0 inf 178.5 194.727 
72.1772 178.5 194.727 0 inf 178.5 214.199 
72.2772 153 194.727 0 inf 194.727 194.727 
72.3972 164.769 214.199 0 inf 194.727 214.199 
72.4972 164.769 194.727 0 inf 178.5 214.199 
72.6172 164.769 194.727 0 inf 164.769 194.727 
72.7172 164.769 194.727 0 inf 178.5 194.727 
72.8372 164.769 214.199 0 inf 194.727 194.727 
72.9572 164.769 178.5 0 inf 178.5 178.5 
73.0572 164.769 194.727 0 inf 178.5 194.727 
73.1772 164.769 194.727 0 inf 164.769 178.5 
73.2772 178.5 178.5 0 inf 164.769 194.727 
73.3972 153 214.199 0 inf 178.5 214.199 
73.4972 153 164.769 0 inf 164.769 178.5 
73.6172 164.769 178.5 0 inf 164.769 194.727 
73.7172 164.769 194.727 0 inf 153 194.727 
73.8372 164.769 237.999 0 inf 164.769 194.727 
73.9372 164.769 178.5 0 inf 178.5 194.727 
74.0372 142.8 164.769 0 inf 153 178.5 
74.1372 153 178.5 0 inf 164.769 194.727 
74.2572 164.769 214.199 0 inf 142.8 194.727 
74.3572 164.769 153 0 inf 164.769 214.199 
74.4772 153 194.727 0 inf 178.5 194.727 
74.5972 164.769 194.727 0 inf 164.769 194.727 
74.6972 164.769 214.199 0 inf 164.769 194.727 
74.8172 164.769 178.5 0 inf 164.769 178.5 
74.9172 164.769 194.727 0 inf 164.769 178.5 
75.0172 164.769 194.727 0 inf 164.769 178.5 
75.1372 142.8 194.727 0 inf 178.5 194.727 
75.2372 142.8 178.5 0 inf 164.769 194.727 
75.3572 153 178.5 0 inf 153 194.727 
75.4772 194.727 178.5 0 inf 164.769 194.727 
75.5972 153 194.727 0 inf 153 194.727 
75.6972 153 214.199 0 inf 164.769 194.727 
75.8172 153 178.5 0 inf 164.769 194.727 
75.9372 164.769 164.769 0 inf 153 194.727 
76.0372 153 164.769 0 inf 153 178.5 
76.1572 142.8 214.199 0 inf 164.769 194.727 
76.2572 153 194.727 0 inf 164.769 178.5 
76.3572 142.8 178.5 0 inf 153 178.5 
76.4772 153 178.5 0 inf 153 178.5 
76.5972 164.769 178.5 0 inf 164.769 194.727 
76.6972 142.8 214.199 0 inf 164.769 178.5 
76.8172 142.8 164.769 0 inf 153 178.5 
76.9172 164.769 178.5 0 inf 164.769 194.727 
77.0372 153 178.5 0 inf 153 178.5 
77.1372 178.5 194.727 0 inf 142.8 164.769 
77.2572 142.8 178.5 0 inf 153 178.5 
77.359 153 164.769 0 inf 164.769 178.5 
77.4772 153 178.5 0 inf 153 164.769 
77.5972 164.769 178.5 0 inf 142.8 164.769 
77.6972 164.769 214.199 0 inf 153 178.5 
77.8172 133.875 178.5 0 inf 153 178.5 
77.9172 142.8 164.769 0 inf 142.8 178.5 
78.0372 153 164.769 0 inf 153 178.5 
78.1372 153 178.5 0 inf 153 164.769 
78.2572 142.8 178.5 0 inf 142.8 178.5 
78.3572 164.769 178.5 0 inf 133.875 164.769 
78.4772 142.8 164.769 0 inf 153 178.5 
78.5972 133.875 164.769 0 inf 142.8 178.5 
78.6972 142.8 194.727 0 inf 142.8 178.5 
78.8172 153 178.5 0 inf 153 164.769 
78.9172 153 153 0 inf 133.875 178.5 
79.0372 142.8 164.769 0 inf 133.875 178.5 
79.1372 142.8 164.769 0 inf 142.8 164.769 
79.2572 133.875 194.727 0 inf 142.8 164.769 
79.3772 142.8 164.769 0 inf 142.8 153 
79.4772 153 164.769 0 inf 142.8 164.769 
79.5972 142.8 178.5 0 inf 126 153 
79.6972 133.875 164.769 0 inf 126 164.769 
79.8172 133.875 153 0 inf 126 164.769 
79.9172 142.8 164.769 0 inf 126 164.769 
80.0372 153 153 0 inf 133.875 164.769 
80.1372 142.8 178.5 0 inf 133.875 178.5 
80.2571 126 178.5 0 inf 133.875 153 
80.3572 133.875 164.769 0 inf 126 178.5 
80.4772 126 164.769 0 inf 126 153 
80.5972 142.8 153 0 inf 126 164.769 
80.6972 133.875 164.769 0 inf 133.875 142.8 
80.8172 142.8 178.5 0 inf 126 164.769 
80.9172 133.875 164.769 0 inf 133.875 153 
81.0372 142.8 153 0 inf 126 164.769 
81.1372 133.875 142.8 0 inf 126 164.769 
81.2572 142.8 164.769 0 inf 119 142.8 
81.3572 153 178.5 0 inf 126 153 
81.4772 142.8 164.769 0 inf 126 164.769 
81.5972 126 153 0 inf 126 153 
81.6972 126 153 0 inf 126 153 
81.8171 133.875 164.769 0 inf 119 164.769 
81.9172 133.875 164.769 0 inf 126 164.769 
82.0372 142.8 178.5 0 inf 119 164.769 
82.1372 126 133.875 0 inf 119 133.875 
82.2572 119 153 0 inf 119 153 
82.3572 119 153 0 inf 119 153 
82.4772 126 142.8 0 inf 112.737 153 
82.5972 133.875 178.5 0 inf 107.1 153 
82.6972 112.737 164.769 0 inf 102 142.8 
82.8172 126 153 0 inf 107.1 142.8 
82.9172 119 142.8 0 inf 119 153 
83.0372 107.1 142.8 0 inf 112.737 133.875 
83.1372 107.1 142.8 0 inf 112.737 142.8 
83.2572 119 153 0 inf 102 153 
83.3772 119 142.8 0 inf 102 142.8 
83.4772 107.1 142.8 0 inf 107.1 133.875 
83.5972 133.875 142.8 0 inf 97.3634 133.875 
83.6972 112.737 153 0 inf 102 142.8 
83.8172 107.1 164.769 0 inf 102 133.875 
83.9172 107.1 142.8 0 inf 102 142.8 
84.0372 119 133.875 0 inf 107.1 142.8 
84.1372 112.737 133.875 0 inf 97.3634 119 
84.2372 126 126 0 inf 97.3634 119 
84.3572 126 126 0 inf 93.1302 119 
84.4772 107.1 153 0 inf 85.6798 133.875 
84.5972 107.1 142.8 0 inf 97.3634 126 
84.6972 107.1 133.875 0 inf 85.6798 126 
84.8172 112.737 133.875 0 inf 93.1302 119 
84.9172 112.737 126 0 inf 97.3634 119 
85.0372 112.737 126 0 inf 89.2498 133.875 
85.1372 119 133.875 0 inf 85.6798 119 
85.2372 97.3634 142.8 0 inf 79.3332 112.737 
85.3372 97.3634 133.875 0 inf 82.3844 119 
85.4572 93.1302 126 0 inf 79.3332 119 
85.5572 102 119 0 inf 79.3332 112.737 
85.6772 97.3634 126 0 inf 85.6798 112.737 
85.7972 97.3634 133.875 0 inf 79.3332 112.737 
85.8972 112.737 126 0 inf 73.8619 107.1 
86.0172 112.737 112.737 0 inf 76.4998 107.1 
86.1172 97.3634 112.737 0 inf 79.3332 112.737 
86.2172 97.3634 126 0 inf 76.4998 97.3634 
86.3372 102 126 0 inf 71.3998 112.737 
86.4572 102 102 0 inf 69.0966 102 
86.5572 107.1 133.875 0 inf 69.0966 93.1302 
86.6772 97.3634 126 0 inf 66.9373 107.1 
86.7972 97.3634 112.737 0 inf 64.9089 112.737 
86.8972 93.1302 119 0 inf 66.9373 102 
87.0172 97.3634 107.1 0 inf 64.9089 97.3634 
87.1172 93.1302 112.737 0 inf 62.9999 93.1302 
87.2372 93.1302 102 0 inf 69.0966 102 
87.3572 97.3634 112.737 0 inf 61.1999 85.6798 
87.4772 97.3634 112.737 0 inf 61.1999 89.2498 
87.5972 97.3634 107.1 0 inf 57.8918 93.1302 
87.6972 102 102 0 inf 57.8918 89.2498 
87.8172 93.1302 102 0 inf 57.8918 89.2498 
87.9172 93.1302 107.1 0 inf 54.9229 89.2498 
88.0372 89.2498 97.3634 0 inf 52.2438 82.3844 
88.1372 89.2498 107.1 0 inf 49.8138 79.3332 
88.2372 93.1302 153 0 inf 47.5999 85.6798 
88.3372 85.6798 97.3634 0 inf 44.6249 85.6798 
88.4572 85.6798 97.3634 0 inf 48.6817 69.0966 
88.5572 85.6798 89.2498 0 inf 49.8138 79.3332 
88.6572 89.2498 89.2498 0 inf 48.6817 76.4998 
88.7572 97.3634 93.1302 0 inf 43.7142 73.8619 
88.8772 82.3844 93.1302 0 inf 46.5651 73.8619 
88.9972 79.3332 79.3332 0 inf 45.5744 71.3998 
89.0972 73.8619 93.1302 0 inf 44.6249 66.9373 
89.2172 76.4998 102 0 inf 41.9999 73.8619 
89.3172 76.4998 85.6798 0 inf 41.1922 64.9089 
89.4372 89.2498 85.6798 0 inf 38.9454 64.9089 
89.5572 82.3844 82.3844 0 inf 38.2499 66.9373 
89.6772 93.1302 76.4998 0 inf 35.6999 61.1999 
89.7972 85.6798 79.3332 0 inf 34.5483 53.5499 
89.8972 73.8619 76.4998 0 inf 32.4545 54.9229 
90.0172 76.4998 69.0966 0 inf 29.3424 54.9229 
90.1172 73.8619 62.9999 0 inf 28.5599 53.5499 
90.2172 71.3998 76.4998 0 inf 28.5599 50.9999 
90.3372 73.8619 82.3844 0 inf 27.1139 50.9999 
90.4372 71.3998 69.0966 0 inf 25.8072 50.9999 
90.5572 76.4998 66.9373 0 inf 24.0674 47.5999 
90.6772 73.8619 62.9999 0 inf 24.0674 45.5744 
90.7972 64.9089 64.9089 0 inf 21.42 41.9999 
90.8972 76.4998 62.9999 0 inf 20.5961 41.1922 
91.0172 66.9373 64.9089 0 inf 20.5961 35.6999 
91.1172 62.9999 59.4999 0 inf 19.125 35.6999 
91.2172 62.9999 56.3683 0 inf 19.125 35.1147 
91.3372 62.9999 52.2438 0 inf 17.4146 30.5999 
91.4372 62.9999 45.5744 0 inf 17.4146 29.7499 
91.5572 57.8918 35.1147 0 inf 15.75 28.1841 
91.6772 57.8918 43.7142 0 inf 15.75 28.5599 
91.7972 56.3683 44.6249 0 inf 15.75 26.7749 
91.8972 59.4999 46.5651 0 inf 11.2737 26.7749 
92.0172 59.4999 43.7142 0 inf 11.2737 24.0674 
92.1172 59.4999 38.9454 0 inf 11.2737 24.0674 
92.2172 56.3683 37.5789 0 inf 11.2737 20.7961 
92.3372 57.8918 36.9309 0 inf 11.2737 20.7961 
92.4372 59.4999 36.305 0 inf 11.2737 15.985 
92.5372 53.5499 34.5483 0 inf 11.2737 15.985 
92.6572 45.5744 33.4687 0 inf 11.2737 15.985 
92.7572 47.5999 32.4545 0 inf 11.2737 inf 
92.8772 41.9999 31.4999 0 inf 11.2737 inf 
92.9972 41.9999 30.1689 0 inf 11.2737 inf 
93.0972 35.6999 27.1139 0 inf 11.2737 inf 
93.2172 34.5483 27.4615 0 inf 11.2737 inf 
93.3372 33.4687 27.8181 0 inf 11.2737 inf 
93.4372 32.9538 27.8181 0 inf 11.2737 inf 
93.5572 32.4545 22.7872 0 inf 11.2737 inf 
93.6775 32.4545 14.7724 0 inf 11.2737 inf 
93.7972 31.4999 14.7724 0 inf 11.2737 inf 
93.8972 30.5999 14.7724 0 inf 11.2737 inf 
94.0172 30.1689 14.7724 0 inf 11.2737 inf 
94.1172 29.7499 14.7724 0 inf 11.2737 inf 
94.2172 29.7499 14.7724 0 inf 11.2737 inf 
94.3372 29.3424 14.7724 0 inf 11.2737 inf 
94.4372 26.1219 14.7724 0 inf 11.2737 inf 
94.5572 26.1219 14.7724 0 inf 11.2737 inf 
94.6772 26.1219 14.7724 0 inf 11.2737 inf 
94.7972 24.3409 14.7724 0 inf 11.2737 inf 
94.8972 24.3409 14.7724 0 inf 11.2737 inf 
95.0172 23.5384 14.7724 0 inf 11.2737 inf 
95.1172 23.5384 14.7724 0 inf 11.2737 inf 
95.2172 19.6513 14.7724 0 inf 11.2737 inf 
95.3372 18.3077 14.7724 0 inf 11.2737 inf 
95.4372 18.3077 14.7724 0 inf 11.2737 inf 
95.5572 18.3077 14.7724 0 inf 11.2737 inf 
95.6772 13.3875 14.7724 0 inf 11.2737 inf 
95.7972 13.3875 14.7724 0 inf 11.2737 inf 
95.8972 13.3875 14.7724 0 inf 11.2737 inf 
96.0172 8.33461 14.7724 0 inf 11.2737 inf 
96.1172 8.33461 14.7724 0 inf 11.2737 inf 
96.2172 8.33461 14.7724 0 inf 11.2737 inf 
96.3372 8.33461 14.7724 0 inf 11.2737 inf 
96.4372 8.33461 14.7724 0 inf 11.2737 inf 
96.5572 8.33461 14.7724 0 inf 11.2737 inf 
96.6772 8.33461 14.7724 0 inf 11.2737 inf 
96.7972 8.33461 14.7724 0 inf 11.2737 inf 
96.8972 8.33461 14.7724 0 inf 11.2737 inf 
97.0172 8.33461 14.7724 0 inf 11.2737 inf 
97.1172 8.33461 14.7724 0 inf 11.2737 inf 
97.2172 8.33461 14.7724 0 inf 11.2737 inf 
97.3372 8.33461 14.7724 0 inf 11.2737 inf 
97.4372 8.33461 14.7724 0 inf 11.2737 inf 
97.5572 8.33461 14.7724 0 inf 11.2737 inf 
97.6572 8.33461 14.7724 0 inf 11.2737 inf 
97.7772 8.33461 14.7724 0 inf 11.2737 inf 
97.8772 8.33461 14.7724 0 inf 11.2737 inf 
97.9972 8.33461 14.7724 0 inf 11.2737 inf 
98.0972 8.33461 14.7724 0 inf 11.2737 inf 
98.2172 8.33461 14.7724 0 inf 11.2737 inf 
98.3372 8.33461 14.7724 0 inf 11.2737 inf 
98.4372 8.33461 14.7724 0 inf 11.2737 inf 
98.5572 8.33461 14.7724 0 inf 11.2737 inf 
98.6772 8.33461 14.7724 0 inf 11.2737 inf 
98.7972 8.33461 14.7724 0 inf 11.2737 inf 
98.8972 8.33461 14.7724 0 inf 11.2737 inf 
99.0172 8.33461 14.7724 0 inf 11.2737 inf 
99.1172 8.33461 14.7724 0 inf 11.2737 inf 
99.2172 8.33461 14.7724 0 inf 11.2737 inf 
99.3372 8.33461 14.7724 0 inf 11.2737 inf 
99.4372 8.33461 14.7724 0 inf 11.2737 inf 
99.5572 8.33461 14.7724 0 inf 11.2737 inf 
99.6772 8.33461 14.7724 0 inf 11.2737 inf 
99.7972 8.33461 14.7724 0 inf 11.2737 inf 
99.8972 8.33461 14.7724 0 inf 11.2737 inf 
100.017 8.33461 14.7724 0 inf 11.2737 inf 
100.117 8.33461 14.7724 0 inf 11.2737 inf 
100.237 8.33461 14.7724 0 inf 11.2737 inf 
100.357 8.33461 14.7724 0 inf 11.2737 inf 
100.457 8.33461 14.7724 0 inf 11.2737 inf 
100.577 8.33461 14.7724 0 inf 11.2737 inf 
100.677 8.33461 14.7724 0 inf 11.2737 inf 
100.797 8.33461 14.7724 0 inf 11.2737 inf 
100.897 8.33461 14.7724 0 inf 11.2737 inf 
101.017 8.33461 14.7724 0 inf 11.2737 inf 
101.117 8.33461 14.7724 0 inf 11.2737 inf 
101.217 8.33461 14.7724 0 inf 11.2737 inf 
101.337 8.33461 14.7724 0 inf 11.2737 inf 
101.437 8.33461 14.7724 0 inf 11.2737 inf 
101.557 8.33461 14.7724 0 inf 11.2737 inf 
101.677 8.33461 14.7724 0 inf 11.2737 inf 
101.797 8.33461 14.7724 0 inf 11.2737 inf 
101.897 8.33461 14.7724 0 inf 11.2737 inf 
102.017 8.33461 14.7724 0 inf 11.2737 inf 
102.117 8.33461 14.7724 0 inf 11.2737 inf 
102.217 8.33461 14.7724 0 inf 11.2737 inf 
102.337 8.33461 14.7724 0 inf 11.2737 inf 
102.437 8.33461 14.7724 0 inf 11.2737 inf 
102.557 8.33461 14.7724 0 inf 11.2737 inf 
102.677 8.33461 14.7724 0 inf 11.2737 inf 
102.797 8.33461 14.7724 0 inf 11.2737 inf 
102.897 8.33461 14.7724 0 inf 11.2737 inf 
103.017 8.33461 14.7724 0 inf 11.2737 inf 
103.117 8.33461 14.7724 0 inf 11.2737 inf 
103.217 8.33461 14.7724 0 inf 11.2737 inf 
103.337 8.33461 14.7724 0 inf 11.2737 inf 
103.437 8.33461 14.7724 0 inf 11.2737 inf 
103.557 8.33461 14.7724 0 inf 11.2737 inf 
103.677 8.33461 14.7724 0 inf 11.2737 inf 
103.797 8.33461 14.7724 0 inf 11.2737 inf 
103.897 8.33461 14.7724 0 inf 11.2737 inf 
104.017 8.33461 14.7724 0 inf 11.2737 inf 
104.117 8.33461 14.7724 0 inf 11.2737 inf 
104.217 8.33461 14.7724 0 inf 11.2737 inf 
104.337 8.33461 14.7724 0 inf 11.2737 inf 
104.437 8.33461 14.7724 0 inf 11.2737 inf 
104.557 8.33461 14.7724 0 inf 11.2737 inf 
104.677 8.33461 14.7724 0 inf 11.2737 inf 
104.797 8.33461 14.7724 0 inf 11.2737 inf 
104.897 8.33461 14.7724 0 inf 11.2737 inf 
105.017 8.33461 14.7724 0 inf 11.2737 inf 
105.117 8.33461 14.7724 0 inf 11.2737 inf 
105.217 8.33461 14.7724 0 inf 11.2737 inf 
105.337 8.33461 14.7724 0 inf 11.2737 inf 
105.437 8.33461 14.7724 0 inf 11.2737 inf 
105.557 8.33461 14.7724 0 inf 11.2737 inf 
105.657 8.33461 14.7724 0 inf 11.2737 inf 
105.757 8.33461 14.7724 0 inf 11.2737 inf 
105.857 8.33461 14.7724 0 inf 11.2737 inf 
105.957 8.33461 14.7724 0 inf 11.2737 inf 
106.077 8.33461 14.7724 0 inf 11.2737 inf 
106.197 8.33461 14.7724 0 inf 11.2737 inf 
106.297 8.33461 14.7724 0 inf 11.2737 inf 
106.417 8.33461 14.7724 0 inf 11.2737 inf 
106.517 8.33461 14.7724 0 inf 11.2737 inf 
106.637 8.33461 14.7724 0 inf 11.2737 inf 
106.757 8.33461 14.7724 0 inf 11.2737 inf 
106.857 8.33461 14.7724 0 inf 11.2737 inf 
106.977 8.33461 14.7724 0 inf 11.2737 inf 
107.077 8.33461 14.7724 0 inf 11.2737 inf 
107.197 8.33461 14.7724 0 inf 11.2737 inf 
107.297 8.33461 14.7724 0 inf 11.2737 inf 
107.417 8.33461 14.7724 0 inf 11.2737 inf 
107.517 8.33461 14.7724 0 inf 11.2737 inf 
107.637 8.33461 14.7724 0 inf 11.2737 inf 
107.737 8.33461 14.7724 0 inf 11.2737 inf 
107.857 8.33461 14.7724 0 inf 11.2737 inf 
107.977 8.33461 14.7724 0 inf 11.2737 inf 
108.077 8.33461 14.7724 0 inf 11.2737 inf 
108.197 8.33461 14.7724 0 inf 11.2737 inf 
108.297 8.33461 14.7724 0 inf 11.2737 inf 
108.417 8.33461 14.7724 0 inf 11.2737 inf 
108.517 8.33461 14.7724 0 inf 11.2737 inf 
108.637 8.33461 14.7724 0 inf 11.2737 inf 
108.737 8.33461 14.7724 0 inf 11.2737 inf 
108.857 8.33461 14.7724 0 inf 11.2737 inf 
108.957 8.33461 14.7724 0 inf 11.2737 inf 
109.077 8.33461 14.7724 0 inf 11.2737 inf 
109.197 8.33461 14.7724 0 inf 11.2737 inf 
109.297 8.33461 14.7724 0 inf 11.2737 inf 
109.417 8.33461 14.7724 0 inf 11.2737 inf 
109.517 8.33461 14.7724 0 inf 11.2737 inf 
109.637 8.33461 14.7724 0 inf 11.2737 inf 
109.737 8.33461 14.7724 0 inf 11.2737 inf 
109.857 8.33461 14.7724 0 inf 11.2737 inf 
109.957 8.33461 14.7724 0 inf 11.2737 inf 
110.077 8.33461 14.7724 0 inf 11.2737 inf 
110.197 8.33461 14.7724 0 inf 11.2737 inf 
110.297 8.33461 14.7724 0 inf 11.2737 inf 
110.417 8.33461 14.7724 0 inf 11.2737 inf 
110.537 8.33461 14.7724 0 inf 11.2737 inf 
110.637 8.33461 14.7724 0 inf 11.2737 inf 
110.757 8.33461 14.7724 0 inf 11.2737 inf 
110.877 8.33461 14.7724 0 inf 11.2737 inf 
110.997 8.33461 14.7724 0 inf 11.2737 inf 
111.097 8.33461 14.7724 0 inf 11.2737 inf 
111.217 8.33461 14.7724 0 inf 11.2737 inf 
111.317 8.33461 14.7724 0 inf 11.2737 inf 
111.437 8.33461 14.7724 0 inf 11.2737 inf 
111.557 8.33461 14.7724 0 inf 11.2737 inf 
111.677 8.33461 14.7724 0 inf 11.2737 inf 
111.797 8.33461 14.7724 0 inf 11.2737 inf 
111.897 8.33461 14.7724 0 inf 11.2737 inf 
112.017 8.33461 14.7724 0 inf 11.2737 inf 
112.117 8.33461 14.7724 0 inf 11.2737 inf 
112.237 8.33461 14.7724 0 inf 11.2737 inf 
112.357 8.33461 14.7724 0 inf 11.2737 inf 
112.457 8.33461 14.7724 0 inf 11.2737 inf 
112.577 8.33461 14.7724 0 inf 11.2737 inf 
112.677 8.33461 14.7724 0 inf 11.2737 inf 
112.797 8.33461 14.7724 0 inf 11.2737 inf 
112.897 8.33461 14.7724 0 inf 11.2737 inf 
113.017 8.33461 14.7724 0 inf 11.2737 inf 
113.117 8.33461 14.7724 0 inf 11.2737 inf 
113.237 8.33461 14.7724 0 inf 11.2737 inf 
113.357 8.33461 14.7724 0 inf 11.2737 inf 
113.457 8.33461 14.7724 0 inf 11.2737 inf 
113.577 8.33461 14.7724 0 inf 11.2737 inf 
113.677 8.33461 14.7724 0 inf 11.2737 inf 
113.797 8.33461 14.7724 0 inf 11.2737 inf 
113.897 8.33461 14.7724 0 inf 11.2737 inf 
114.017 8.33461 14.7724 0 inf 11.2737 inf 
114.117 8.33461 14.7724 0 inf 11.2737 inf 
114.237 8.33461 14.7724 0 inf 11.2737 inf 
114.357 8.33461 14.7724 0 inf 11.2737 inf 
114.457 8.33461 14.7724 0 inf 11.2737 inf 
114.577 8.33461 14.7724 0 inf 11.2737 inf 
114.678 8.33461 14.7724 0 inf 11.2737 inf 
114.797 8.33461 14.7724 0 inf 11.2737 inf 
114.897 8.33461 14.7724 0 inf 11.2737 inf 
115.017 8.33461 14.7724 0 inf 11.2737 inf 
115.117 8.33461 14.7724 0 inf 11.2737 inf 
115.237 8.33461 14.7724 0 inf 11.2737 inf 
115.357 8.33461 14.7724 0 inf 11.2737 inf 
115.457 8.33461 14.7724 0 inf 11.2737 inf 
115.577 8.33461 14.7724 0 inf 11.2737 inf 
115.677 8.33461 14.7724 0 inf 11.2737 inf 
115.797 8.33461 14.7724 0 inf 11.2737 inf 
115.897 8.33461 14.7724 0 inf 11.2737 inf 
116.017 8.33461 14.7724 0 inf 11.2737 0.0934308 
116.117 8.33461 14.7724 0 inf 11.2737 42.8399 
116.237 8.33461 14.7724 0 inf 11.2737 64.9089 
116.357 8.33461 14.7724 0 inf 11.2737 82.3844 
116.457 8.33461 14.7724 0 inf 11.2737 85.6798 
116.577 19.6513 14.7724 0 inf 11.2737 89.2498 
116.677 19.6513 14.7724 0 inf 11.2737 93.1302 
116.797 41.9999 14.7724 0 inf 11.2737 93.1302 
116.897 44.6249 14.7724 0 inf 11.2737 93.1302 
117.017 43.7142 14.7724 0 inf 11.2737 97.3634 
117.117 52.2438 14.7724 0 inf 11.2737 93.1302 
117.237 54.9229 14.7724 0 inf 11.2737 93.1302 
117.357 49.8138 14.7724 0 inf 11.2737 102 
117.457 53.5499 14.7724 0 inf 11.2737 107.1 
117.577 56.3683 14.7724 0 inf 11.2737 102 
117.677 54.9229 14.7724 0 inf 11.2737 107.1 
117.797 54.9229 14.7724 0 inf 11.2737 107.1 
117.897 56.3683 14.7724 0 inf 11.2737 102 
118.017 57.8918 14.7724 0 inf 11.2737 107.1 
118.117 53.5499 14.7724 0 inf 11.2737 97.3634 
118.237 61.1999 14.7724 0 inf 11.2737 119 
118.357 52.2438 14.7724 0 inf 11.2737 107.1 
118.457 61.1999 14.7724 0 inf 11.2737 126 
118.577 69.0966 14.7724 0 inf 11.2737 119 
118.677 61.1999 14.7724 0 inf 11.2737 119 
118.797 62.9999 14.7724 0 inf 11.2737 119 
118.897 64.9089 14.7724 0 inf 11.2737 119 
119.017 62.9999 14.7724 0 inf 11.2737 112.737 
119.117 64.9089 14.7724 0 inf 11.2737 126 
119.237 64.9089 14.7724 0 inf 11.2737 119 
119.357 66.9373 14.7724 0 inf 11.2737 126 
119.457 62.9999 14.7724 0 inf 11.2737 119 
119.557 73.8619 14.7724 0 inf 11.2737 112.737 
119.677 64.9089 14.7724 0 inf 11.2737 119 
119.797 79.3332 14.7724 0 inf 11.2737 126 
119.897 76.4998 14.7724 0 inf 11.2737 119 
120.017 64.9089 14.7724 0 inf 11.2737 126 
120.117 79.3332 14.7724 0 inf 11.2737 126 
120.238 85.6798 14.7724 0 inf 11.2737 126 
120.357 73.8619 14.7724 0 inf 11.2737 126 
120.477 73.8619 14.7724 0 inf 11.2737 126 
120.597 73.8619 14.7724 0 inf 11.2737 142.8 
120.697 69.0966 14.7724 0 inf 11.2737 142.8 
120.817 71.3998 14.7724 0 inf 11.2737 126 
120.917 82.3844 14.7724 0 inf 11.2737 133.875 
121.037 79.3332 14.7724 0 inf 11.2737 133.875 
121.137 79.3332 14.7724 0 inf 11.2737 142.8 
121.237 85.6798 14.7724 0 inf 11.2737 153 
121.357 85.6798 14.7724 0 inf 11.2737 142.8 
121.477 85.6798 14.7724 0 inf 11.2737 133.875 
121.597 89.2498 14.7724 0 inf 11.2737 133.875 
121.697 85.6798 14.7724 0 inf 11.2737 153 
121.817 82.3844 14.7724 0 inf 0.0723158 142.8 
121.917 79.3332 14.7724 0 inf 59.4999 153 
122.037 97.3634 14.7724 0 inf 93.1302 142.8 
122.137 93.1302 14.7724 0 inf 102 153 
122.257 89.2498 14.7724 0 inf 107.1 142.8 
122.377 93.1302 14.7724 0 inf 126 153 
122.477 89.2498 14.7724 0 inf 133.875 142.8 
122.597 82.3844 14.7724 0 inf 119 153 
122.697 79.3332 14.7724 0 inf 119 164.769 
122.817 79.3332 14.7724 0 inf 126 142.8 
122.917 82.3844 14.7724 0 inf 126 153 
123.037 93.1302 14.7724 0 inf 126 133.875 
123.157 97.3634 14.7724 0 inf 133.875 153 
123.257 93.1302 14.7724 0 inf 133.875 164.769 
123.377 102 14.7724 0 inf 126 153 
123.477 82.3844 14.7724 0 inf 133.875 164.769 
123.597 93.1302 14.7724 0 inf 126 153 
123.697 93.1302 14.7724 0 inf 126 153 
123.817 89.2498 14.7724 0 inf 126 164.769 
123.917 93.1302 14.7724 0 inf 142.8 164.769 
124.037 97.3634 14.7724 0 inf 133.875 164.769 
124.137 97.3634 14.7724 0 inf 133.875 164.769 
124.257 93.1302 52.2438 0 inf 133.875 164.769 
124.377 102 62.9999 0 inf 126 164.769 
124.477 89.2498 69.0966 0 inf 142.8 142.8 
124.597 97.3634 79.3332 0 inf 142.8 164.769 
124.697 93.1302 76.4998 0 inf 153 153 
124.817 102 82.3844 0 inf 142.8 178.5 
124.917 97.3634 89.2498 0 inf 133.875 194.727 
125.037 93.1302 89.2498 0 inf 142.8 164.769 
125.137 97.3634 71.3998 0 inf 133.875 164.769 
125.257 97.3634 69.0966 0 inf 142.8 178.5 
125.377 97.3634 71.3998 0 inf 142.8 164.769 
125.477 102 76.4998 0 inf 142.8 194.727 
125.597 97.3634 73.8619 0 inf 133.875 178.5 
125.697 97.3634 79.3332 0 inf 133.875 164.769 
125.817 102 85.6798 0 inf 142.8 178.5 
125.917 102 85.6798 0 inf 153 153 
126.017 102 93.1302 0 inf 153 178.5 
126.137 107.1 85.6798 0 inf 153 178.5 
126.257 107.1 82.3844 0 inf 153 178.5 
126.377 93.1302 79.3332 0 inf 153 178.5 
126.477 97.3634 79.3332 0 inf 153 164.769 
126.597 126 76.4998 0 inf 153 194.727 
126.697 107.1 79.3332 0 inf 153 194.727 
126.817 107.1 89.2498 0 inf 153 178.5 
126.917 102 93.1302 0 inf 142.8 178.5 
127.017 107.1 89.2498 0 inf 142.8 164.769 
127.117 97.3634 93.1302 0 inf 164.769 194.727 
127.237 102 97.3634 0 inf 153 194.727 
127.337 112.737 79.3332 0 inf 142.8 164.769 
127.437 107.1 82.3844 0 inf 164.769 194.727 
127.557 119 76.4998 0 inf 164.769 194.727 
127.677 119 79.3332 0 inf 164.769 178.5 
127.797 112.737 82.3844 0 inf 164.769 178.5 
127.897 97.3634 89.2498 0 inf 164.769 194.727 
128.017 112.737 93.1302 0 inf 164.769 194.727 
128.137 112.737 97.3634 0 inf 153 194.727 
128.257 112.737 97.3634 0 inf 153 194.727 
128.377 112.737 89.2498 0 inf 164.769 178.5 
128.477 107.1 82.3844 0 inf 153 194.727 
128.597 112.737 85.6798 0 inf 164.769 194.727 
128.697 107.1 82.3844 0 inf 164.769 178.5 
128.817 112.737 85.6798 0 inf 164.769 194.727 
128.917 119 85.6798 0 inf 153 194.727 
129.037 107.1 97.3634 0 inf 164.769 178.5 
129.137 119 102 0 inf 164.769 214.199 
129.257 119 85.6798 0 inf 164.769 194.727 
129.377 112.737 85.6798 0 inf 164.769 178.5 
129.477 112.737 89.2498 0 inf 178.5 194.727 
129.597 119 89.2498 0 inf 164.769 194.727 
129.697 119 89.2498 0 inf 164.769 194.727 
129.817 133.875 93.1302 0 inf 164.769 194.727 
129.917 119 97.3634 0 inf 164.769 194.727 
130.037 112.737 107.1 0 inf 164.769 178.5 
130.137 107.1 102 0 inf 178.5 194.727 
130.257 119 89.2498 0 inf 178.5 214.199 
130.377 133.875 89.2498 0 inf 164.769 178.5 
130.477 126 85.6798 0 inf 178.5 194.727 
130.597 126 89.2498 0 inf 194.727 194.727 
130.697 119 89.2498 0 inf 164.769 214.199 
130.817 126 102 0 inf 164.769 178.5 
130.917 119 102 0 inf 164.769 194.727 
131.017 126 107.1 0 inf 178.5 214.199 
131.137 126 107.1 0 inf 178.5 194.727 
131.257 126 93.1302 0 inf 164.769 214.199 
131.377 119 93.1302 0 inf 164.769 178.5 
131.477 133.875 93.1302 0 inf 178.5 194.727 
131.597 119 89.2498 0 inf 178.5 194.727 
131.697 119 97.3634 0 inf 178.5 194.727 
131.817 133.875 102 0 inf 194.727 194.727 
131.917 142.8 112.737 0 inf 178.5 214.199 
132.017 119 112.737 0 inf 194.727 194.727 
132.137 133.875 97.3634 0 inf 194.727 214.199 
132.257 126 97.3634 0 inf 194.727 214.199 
132.377 142.8 93.1302 0 inf 178.5 194.727 
132.477 142.8 97.3634 0 inf 178.5 214.199 
132.597 126 102 0 inf 194.727 214.199 
132.697 126 112.737 0 inf 178.5 214.199 
132.817 126 119 0 inf 178.5 194.727 
132.917 133.875 119 0 inf 194.727 214.199 
133.017 133.875 102 0 inf 194.727 214.199 
133.137 133.875 97.3634 0 inf 178.5 214.199 
133.257 153 89.2498 0 inf 194.727 214.199 
133.377 126 97.3634 0 inf 194.727 214.199 
133.477 126 102 0 inf 164.769 194.727 
133.597 133.875 119 0 inf 178.5 214.199 
133.697 133.875 126 0 inf 194.727 194.727 
133.817 142.8 89.2498 0 inf 178.5 194.727 
133.917 133.875 102 0 inf 178.5 214.199 
134.017 133.875 97.3634 0 inf 194.727 237.999 
134.137 133.875 89.2498 0 inf 194.727 194.727 
134.257 133.875 102 0 inf 194.727 214.199 
134.377 142.8 112.737 0 inf 194.727 214.199 
134.477 133.875 119 0 inf 178.5 214.199 
134.597 133.875 119 0 inf 194.727 214.199 
134.697 142.8 107.1 0 inf 194.727 214.199 
134.817 142.8 102 0 inf 194.727 214.199 
134.917 133.875 93.1302 0 inf 178.5 237.999 
135.017 142.8 102 0 inf 178.5 214.199 
135.137 153 112.737 0 inf 194.727 214.199 
135.257 142.8 119 0 inf 214.199 237.999 
135.377 126 119 0 inf 178.5 214.199 
135.477 126 119 0 inf 178.5 214.199 
135.597 142.8 102 0 inf 194.727 214.199 
135.697 142.8 102 0 inf 194.727 237.999 
135.817 153 102 0 inf 194.727 214.199 
135.917 142.8 107.1 0 inf 194.727 214.199 
136.017 142.8 112.737 0 inf 194.727 194.727 
136.137 133.875 119 0 inf 194.727 237.999 
136.257 153 119 0 inf 178.5 237.999 
136.357 153 112.737 0 inf 194.727 214.199 
136.457 142.8 107.1 0 inf 194.727 214.199 
136.577 142.8 112.737 0 inf 214.199 214.199 
136.677 142.8 107.1 0 inf 194.727 237.999 
136.797 164.769 112.737 0 inf 194.727 214.199 
136.897 142.8 126 0 inf 194.727 237.999 
137.017 164.769 112.737 0 inf 194.727 237.999 
137.137 133.875 97.3634 0 inf 194.727 237.999 
137.257 142.8 107.1 0 inf 194.727 194.727 
137.377 153 97.3634 0 inf 194.727 214.199 
137.477 153 107.1 0 inf 214.199 214.199 
137.597 133.875 107.1 0 inf 194.727 214.199 
137.697 142.8 112.737 0 inf 194.727 194.727 
137.817 142.8 126 0 inf 178.5 178.5 
137.917 142.8 133.875 0 inf 214.199 237.999 
138.017 153 112.737 0 2141.99 194.727 237.999 
138.137 142.8 112.737 0 inf 178.5 194.727 
138.257 142.8 102 0 inf 178.5 194.727 
138.357 133.875 107.1 0 inf 194.727 194.727 
138.457 142.8 107.1 0 inf 194.727 214.199 
138.577 164.769 133.875 0 inf 214.199 237.999 
138.677 142.8 126 0 inf 194.727 178.5 
138.797 153 112.737 0 inf 194.727 237.999 
138.897 153 112.737 0 inf 214.199 214.199 
139.017 133.875 107.1 0 inf 214.199 214.199 
139.137 153 112.737 0 inf 214.199 214.199 
139.257 142.8 119 0 inf 194.727 214.199 
139.357 153 133.875 0 inf 214.199 237.999 
139.457 153 126 0 inf 214.199 214.199 
139.577 164.769 119 0 inf 214.199 237.999 
139.677 142.8 119 0 inf 194.727 237.999 
139.797 153 102 0 inf 194.727 237.999 
139.897 142.8 102 0 inf 214.199 237.999 
140.017 142.8 126 0 inf 194.727 194.727 
140.137 153 133.875 0 inf 214.199 214.199 
140.237 142.8 133.875 0 inf 214.199 214.199 
140.337 164.769 119 0 inf 237.999 237.999 
140.457 164.769 112.737 0 inf 214.199 237.999 
140.577 178.5 107.1 0 inf 194.727 267.749 
140.678 142.8 102 0 inf 237.999 214.199 
140.797 142.8 126 0 inf 214.199 214.199 
140.897 178.5 133.875 0 inf 194.727 237.999 
141.018 164.769 126 0 inf 214.199 237.999 
141.137 153 119 0 inf 214.199 214.199 
141.257 153 112.737 0 inf 214.199 214.199 
141.357 142.8 102 0 inf 237.999 267.749 
141.457 178.5 119 0 inf 214.199 237.999 
141.557 164.769 119 0 inf 194.727 194.727 
141.677 164.769 142.8 0 inf 214.199 214.199 
141.797 153 107.1 0 inf 214.199 237.999 
141.897 153 119 0 inf 194.727 214.199 
142.017 164.769 112.737 0 inf 237.999 237.999 
142.117 164.769 112.737 0 inf 214.199 237.999 
142.237 164.769 112.737 0 inf 214.199 267.749 
142.337 153 126 0 inf 214.199 237.999 
142.457 142.8 126 0 inf 237.999 214.199 
142.557 164.769 107.1 0 inf 214.199 237.999 
142.677 153 112.737 0 inf 194.727 237.999 
142.797 153 107.1 0 inf 194.727 214.199 
142.897 142.8 119 0 inf 214.199 214.199 
143.017 142.8 126 0 inf 214.199 237.999 
143.117 164.769 126 0 inf 214.199 237.999 
143.237 164.769 119 0 inf 214.199 214.199 
143.357 153 112.737 0 inf 194.727 214.199 
143.457 153 112.737 0 inf 214.199 267.749 
143.577 153 112.737 0 inf 214.199 237.999 
143.677 164.769 112.737 0 inf 194.727 194.727 
143.797 164.769 126 0 inf 214.199 214.199 
143.897 153 153 0 inf 267.749 267.749 
144.017 142.8 112.737 0 inf 214.199 214.199 
144.117 164.769 126 0 inf 214.199 214.199 
144.237 164.769 112.737 0 inf 214.199 237.999 
144.357 153 112.737 0 inf 237.999 214.199 
144.477 164.769 126 0 inf 237.999 237.999 
144.597 153 126 0 inf 194.727 237.999 
144.697 164.769 126 0 inf 214.199 267.749 
144.817 153 119 0 inf 214.199 237.999 
144.937 164.769 119 0 inf 214.199 214.199 
145.037 164.769 119 0 inf 214.199 237.999 
145.157 178.5 119 0 inf 237.999 267.749 
145.277 194.727 126 0 inf 214.199 214.199 
145.397 178.5 142.8 0 inf 214.199 237.999 
145.497 153 112.737 0 inf 237.999 237.999 
145.617 164.769 119 0 inf 237.999 237.999 
145.717 164.769 119 0 inf 237.999 237.999 
145.837 164.769 119 0 inf 214.199 237.999 
145.937 164.769 126 0 inf 237.999 237.999 
146.037 164.769 133.875 0 inf 214.199 214.199 
146.157 164.769 133.875 0 inf 214.199 237.999 
146.277 153 126 0 inf 194.727 267.749 
146.397 164.769 112.737 0 inf 214.199 214.199 
146.497 164.769 112.737 0 inf 237.999 237.999 
146.617 153 126 0 inf 194.727 267.749 
146.717 164.769 126 0 inf 214.199 237.999 
146.837 164.769 142.8 0 inf 214.199 237.999 
146.937 164.769 107.1 0 inf 237.999 237.999 
147.037 164.769 112.737 0 inf 214.199 237.999 
147.157 178.5 119 0 inf 214.199 267.749 
147.277 153 119 0 inf 214.199 237.999 
147.397 178.5 133.875 0 inf 214.199 237.999 
147.497 164.769 164.769 0 inf 194.727 267.749 
147.617 164.769 133.875 0 inf 237.999 237.999 
147.717 178.5 119 0 inf 237.999 214.199 
147.837 178.5 119 0 inf 194.727 237.999 
147.957 164.769 119 0 inf 237.999 267.749 
148.057 164.769 119 0 inf 214.199 214.199 
148.177 164.769 133.875 0 inf 214.199 237.999 
148.277 153 142.8 0 inf 214.199 237.999 
148.397 178.5 126 0 inf 237.999 237.999 
148.497 178.5 126 0 inf 237.999 237.999 
148.617 153 119 0 inf 237.999 267.749 
148.717 164.769 119 0 2141.99 237.999 267.749 
148.837 164.769 126 0 inf 214.199 194.727 
148.937 194.727 142.8 0 inf 214.199 237.999 
149.038 178.5 112.737 0 inf 237.999 214.199 
149.157 178.5 126 0 inf 214.199 237.999 
149.277 164.769 112.737 0 inf 237.999 237.999 
149.397 178.5 119 0 inf 237.999 267.749 
149.497 153 126 0 inf 237.999 237.999 
149.617 164.769 133.875 0 inf 214.199 237.999 
149.717 178.5 153 0 inf 214.199 237.999 
149.837 164.769 119 0 inf 237.999 267.749 
149.937 194.727 126 0 inf 237.999 267.749 
150.037 178.5 126 0 inf 214.199 214.199 
150.137 178.5 133.875 0 inf 237.999 267.749 
150.257 178.5 142.8 0 inf 237.999 267.749 
150.357 178.5 142.8 0 inf 214.199 237.999 
150.457 178.5 126 0 inf 214.199 237.999 
150.557 178.5 133.875 0 inf 237.999 267.749 
150.677 164.769 119 0 inf 237.999 237.999 
150.797 164.769 126 0 inf 237.999 214.199 
150.897 164.769 142.8 0 inf 214.199 194.727 
151.017 178.5 133.875 0 inf 267.749 237.999 
151.117 153 107.1 0 inf 214.199 237.999 
151.237 153 126 0 inf 267.749 237.999 
151.337 164.769 126 0 inf 237.999 237.999 
151.457 194.727 119 0 inf 237.999 267.749 
151.557 164.769 133.875 0 inf 267.749 214.199 
151.677 178.5 142.8 0 inf 214.199 237.999 
151.797 164.769 119 0 inf 237.999 237.999 
151.897 178.5 133.875 0 inf 237.999 237.999 
152.017 194.727 126 0 inf 214.199 214.199 
152.117 178.5 119 0 inf 237.999 237.999 
152.237 164.769 133.875 0 inf 237.999 267.749 
152.337 164.769 153 0 inf 237.999 237.999 
152.457 178.5 142.8 0 inf 214.199 267.749 
152.557 164.769 133.875 0 inf 267.749 214.199 
152.677 178.5 126 0 inf 237.999 267.749 
152.797 178.5 126 0 inf 214.199 237.999 
152.917 178.5 142.8 0 inf 237.999 267.749 
153.037 194.727 142.8 0 inf 267.749 267.749 
153.137 178.5 153 0 inf 237.999 237.999 
153.257 178.5 133.875 0 inf 237.999 305.999 
153.357 178.5 133.875 0 inf 267.749 305.999 
153.477 178.5 126 0 inf 267.749 237.999 
153.597 194.727 142.8 0 inf 214.199 237.999 
153.697 194.727 142.8 0 inf 305.999 237.999 
153.817 178.5 119 0 inf 237.999 237.999 
153.937 178.5 133.875 0 inf 267.749 267.749 
154.037 164.769 126 0 inf 237.999 267.749 
154.157 178.5 126 0 inf 237.999 237.999 
154.277 164.769 133.875 0 inf 267.749 237.999 
154.397 164.769 153 0 inf 237.999 267.749 
154.497 194.727 142.8 0 inf 267.749 305.999 
154.617 178.5 133.875 0 inf 237.999 237.999 
154.717 178.5 126 0 inf 237.999 237.999 
154.837 178.5 133.875 0 inf 237.999 267.749 
154.937 194.727 142.8 0 inf 267.749 237.999 
155.057 164.769 153 0 inf 267.749 267.749 
155.177 164.769 133.875 0 inf 237.999 267.749 
155.277 194.727 126 0 inf 267.749 305.999 
155.397 214.199 126 0 inf 237.999 267.749 
155.497 194.727 142.8 0 inf 237.999 237.999 
155.617 194.727 153 0 inf 267.749 267.749 
155.717 194.727 153 0 inf 237.999 267.749 
155.837 194.727 133.875 0 inf 237.999 237.999 
155.957 194.727 126 0 inf 237.999 267.749 
156.077 194.727 133.875 0 inf 267.749 267.749 
156.197 178.5 133.875 0 inf 214.199 237.999 
156.297 178.5 153 0 inf 237.999 237.999 
156.417 194.727 153 0 inf 267.749 267.749 
156.517 178.5 142.8 0 inf 237.999 267.749 
156.637 178.5 133.875 0 inf 267.749 267.749 
156.757 178.5 133.875 0 inf 267.749 267.749 
156.877 194.727 142.8 0 inf 267.749 237.999 
156.997 178.5 153 0 inf 267.749 267.749 
157.097 178.5 126 0 inf 237.999 237.999 
157.217 214.199 133.875 0 inf 267.749 214.199 
157.317 178.5 126 0 inf 237.999 237.999 
157.437 178.5 133.875 0 inf 237.999 267.749 
157.537 164.769 142.8 0 inf 214.199 267.749 
157.657 178.5 142.8 0 inf 267.749 237.999 
157.777 194.727 133.875 0 inf 267.749 267.749 
157.877 178.5 142.8 0 inf 267.749 267.749 
157.997 178.5 126 0 inf 267.749 267.749 
158.097 178.5 142.8 0 inf 237.999 267.749 
158.217 178.5 133.875 0 inf 237.999 305.999 
158.317 164.769 142.8 0 inf 267.749 267.749 
158.437 164.769 142.8 0 inf 237.999 237.999 
158.537 178.5 133.875 0 inf 237.999 267.749 
158.657 194.727 126 0 inf 237.999 237.999 
158.757 214.199 133.875 0 inf 267.749 237.999 
158.877 178.5 142.8 0 inf 237.999 267.749 
158.997 164.769 153 0 inf 237.999 267.749 
159.097 194.727 142.8 0 inf 267.749 237.999 
159.217 194.727 126 0 inf 237.999 267.749 
159.317 178.5 126 0 inf 237.999 305.999 
159.437 178.5 133.875 0 inf 237.999 267.749 
159.537 194.727 133.875 0 inf 267.749 267.749 
159.657 194.727 164.769 0 inf 237.999 267.749 
159.777 178.5 133.875 0 inf 267.749 267.749 
159.878 178.5 126 0 inf 237.999 237.999 
159.997 178.5 133.875 0 inf 237.999 267.749 
160.097 178.5 133.875 0 inf 267.749 237.999 
160.217 194.727 153 0 inf 267.749 267.749 
160.317 178.5 153 0 inf 237.999 237.999 
160.437 194.727 133.875 0 inf 237.999 267.749 
160.557 194.727 126 0 inf 267.749 267.749 
160.677 194.727 133.875 0 inf 267.749 214.199 
160.797 178.5 153 0 inf 267.749 267.749 
160.897 178.5 142.8 0 inf 237.999 237.999 
161.017 178.5 142.8 0 inf 267.749 267.749 
161.117 178.5 133.875 0 inf 267.749 267.749 
161.237 178.5 133.875 0 inf 237.999 267.749 
161.337 194.727 133.875 0 inf 237.999 267.749 
161.457 214.199 142.8 0 inf 237.999 237.999 
161.557 214.199 142.8 0 inf 237.999 267.749 
161.677 178.5 142.8 0 inf 237.999 214.199 
161.797 178.5 133.875 0 inf 267.749 267.749 
161.897 194.727 126 0 inf 237.999 305.999 
162.017 194.727 142.8 0 inf 237.999 267.749 
162.117 194.727 142.8 0 inf 267.749 237.999 
162.237 178.5 142.8 0 inf 267.749 267.749 
162.337 194.727 133.875 0 inf 267.749 237.999 
162.457 214.199 119 0 inf 237.999 267.749 
162.557 194.727 142.8 0 inf 237.999 237.999 
162.657 178.5 133.875 0 inf 237.999 267.749 
162.777 194.727 142.8 0 inf 267.749 267.749 
162.877 194.727 153 0 inf 237.999 237.999 
162.997 178.5 133.875 0 inf 237.999 267.749 
163.097 178.5 126 0 inf 237.999 267.749 
163.217 164.769 142.8 0 inf 267.749 237.999 
163.317 214.199 142.8 0 inf 267.749 237.999 
163.437 194.727 164.769 0 inf 267.749 267.749 
163.557 178.5 164.769 0 inf 237.999 267.749 
163.657 178.5 142.8 0 inf 267.749 214.199 
163.777 194.727 142.8 0 inf 214.199 267.749 
163.877 194.727 133.875 0 inf 237.999 237.999 
163.997 194.727 142.8 0 inf 237.999 237.999 
164.097 178.5 164.769 0 inf 356.999 305.999 
164.217 214.199 119 0 inf 237.999 305.999 
164.317 194.727 133.875 0 inf 214.199 267.749 
164.437 194.727 126 0 inf 267.749 237.999 
164.537 194.727 133.875 0 inf 267.749 267.749 
164.657 214.199 133.875 0 inf 267.749 267.749 
164.777 214.199 153 0 inf 267.749 237.999 
164.877 194.727 133.875 0 inf 214.199 237.999 
164.997 178.5 142.8 0 inf 237.999 237.999 
165.097 194.727 126 0 inf 267.749 237.999 
165.217 194.727 142.8 0 inf 237.999 237.999 
165.317 178.5 153 0 inf 237.999 267.749 
165.437 178.5 153 0 inf 267.749 267.749 
165.537 178.5 142.8 0 inf 267.749 267.749 
165.657 194.727 126 0 inf 237.999 237.999 
165.757 194.727 119 0 inf 267.749 267.749 
165.877 178.5 142.8 0 inf 237.999 237.999 
165.997 164.769 142.8 0 inf 237.999 267.749 
166.097 194.727 153 0 inf 214.199 267.749 
166.217 194.727 142.8 0 inf 267.749 267.749 
166.317 178.5 133.875 0 inf 237.999 237.999 
166.437 178.5 133.875 0 inf 267.749 305.999 
166.537 214.199 133.875 0 inf 267.749 237.999 
166.657 214.199 153 0 inf 237.999 237.999 
166.777 178.5 126 0 inf 267.749 267.749 
166.877 178.5 142.8 0 inf 267.749 267.749 
166.997 194.727 126 0 inf 237.999 267.749 
167.097 164.769 133.875 0 inf 267.749 214.199 
167.217 194.727 153 0 inf 237.999 305.999 
167.317 194.727 164.769 0 inf 237.999 237.999 
167.437 214.199 126 0 inf 267.749 237.999 
167.537 178.5 133.875 0 inf 267.749 267.749 
167.657 214.199 126 0 inf 267.749 237.999 
167.757 178.5 142.8 0 inf 237.999 237.999 
167.877 214.199 142.8 0 inf 267.749 305.999 
167.997 194.727 153 0 inf 237.999 267.749 
168.097 164.769 133.875 0 inf 237.999 267.749 
168.217 178.5 142.8 0 inf 237.999 267.749 
168.317 178.5 133.875 0 inf 214.199 237.999 
168.437 194.727 133.875 0 inf 237.999 267.749 
168.537 214.199 142.8 0 inf 237.999 237.999 
168.657 194.727 153 0 inf 267.749 267.749 
168.777 194.727 153 0 inf 237.999 267.749 
168.877 214.199 133.875 0 inf 237.999 237.999 
168.997 194.727 142.8 0 inf 237.999 267.749 
169.097 164.769 142.8 0 inf 267.749 267.749 
169.217 178.5 164.769 0 inf 267.749 237.999 
169.317 214.199 164.769 0 inf 237.999 267.749 
169.437 194.727 153 0 inf 267.749 267.749 
169.537 194.727 142.8 0 inf 267.749 237.999 
169.637 194.727 133.875 0 inf 237.999 267.749 
169.737 194.727 133.875 0 inf 237.999 305.999 
169.857 214.199 164.769 0 inf 237.999 267.749 
169.977 178.5 119 0 inf 214.199 267.749 
170.077 194.727 133.875 0 inf 237.999 267.749 
170.197 194.727 133.875 0 inf 267.749 237.999 
170.297 178.5 133.875 0 inf 267.749 267.749 
170.417 194.727 153 0 inf 237.999 237.999 
170.517 194.727 153 0 inf 267.749 267.749 
170.617 178.5 126 0 inf 237.999 267.749 
170.737 194.727 133.875 0 inf 267.749 237.999 
170.857 194.727 126 0 inf 237.999 267.749 
170.957 194.727 126 0 inf 267.749 305.999 
171.077 178.5 142.8 0 inf 237.999 237.999 
171.197 178.5 142.8 0 inf 237.999 267.749 
171.297 194.727 142.8 0 inf 267.749 305.999 
171.417 178.5 133.875 0 inf 237.999 267.749 
171.517 178.5 126 0 inf 214.199 237.999 
171.617 214.199 133.875 0 inf 237.999 267.749 
171.737 194.727 142.8 0 inf 267.749 267.749 
171.837 178.5 153 0 inf 237.999 237.999 
171.957 194.727 142.8 0 inf 237.999 237.999 
172.077 194.727 126 0 inf 237.999 267.749 
172.197 214.199 142.8 0 inf 267.749 267.749 
172.297 178.5 133.875 0 inf 237.999 237.999 
172.417 178.5 153 0 inf 237.999 237.999 
172.517 194.727 153 0 inf 267.749 237.999 
172.617 214.199 142.8 0 inf 237.999 267.749 
172.737 194.727 133.875 0 inf 267.749 267.749 
172.857 178.5 133.875 0 inf 267.749 267.749 
172.977 194.727 142.8 0 inf 237.999 267.749 
173.077 194.727 153 0 inf 237.999 267.749 
173.197 194.727 142.8 0 inf 267.749 267.749 
173.297 178.5 142.8 0 inf 267.749 237.999 
173.417 214.199 133.875 0 inf 237.999 237.999 
173.517 178.5 133.875 0 inf 237.999 237.999 
173.617 214.199 142.8 0 inf 267.749 267.749 
173.737 194.727 164.769 0 inf 237.999 237.999 
173.857 237.999 133.875 0 inf 237.999 237.999 
173.977 194.727 133.875 0 inf 267.749 237.999 
174.077 194.727 133.875 0 inf 267.749 237.999 
174.197 178.5 142.8 0 inf 237.999 267.749 
174.297 194.727 153 0 inf 237.999 267.749 
174.417 194.727 164.769 0 inf 267.749 237.999 
174.517 178.5 142.8 0 inf 267.749 267.749 
174.617 178.5 133.875 0 inf 267.749 237.999 
174.737 194.727 133.875 0 inf 237.999 305.999 
174.857 214.199 142.8 0 inf 267.749 267.749 
174.957 194.727 153 0 inf 267.749 237.999 
175.077 194.727 133.875 0 inf 237.999 267.749 
175.197 194.727 133.875 0 inf 237.999 237.999 
175.297 194.727 133.875 0 inf 267.749 267.749 
175.417 194.727 133.875 0 inf 237.999 237.999 
175.517 178.5 153 0 inf 237.999 237.999 
175.617 194.727 153 0 inf 305.999 267.749 
175.737 178.5 142.8 0 inf 214.199 237.999 
175.857 194.727 133.875 0 inf 237.999 267.749 
175.977 178.5 142.8 0 inf 237.999 237.999 
176.077 178.5 133.875 0 inf 237.999 237.999 
176.197 194.727 164.769 0 inf 267.749 267.749 
176.297 194.727 153 0 inf 237.999 237.999 
176.417 194.727 153 0 inf 237.999 267.749 
176.517 194.727 133.875 0 inf 237.999 267.749 
176.617 214.199 126 0 inf 267.749 237.999 
176.737 194.727 153 0 inf 267.749 267.749 
176.857 178.5 164.769 0 inf 237.999 237.999 
176.977 178.5 126 0 inf 237.999 267.749 
177.077 214.199 142.8 0 inf 237.999 237.999 
177.197 194.727 133.875 0 inf 237.999 237.999 
177.297 194.727 119 0 inf 267.749 267.749 
177.417 178.5 142.8 0 inf 237.999 237.999 
177.517 194.727 142.8 0 inf 237.999 267.749 
177.617 214.199 133.875 0 inf 214.199 237.999 
177.737 194.727 142.8 0 inf 267.749 267.749 
177.857 194.727 133.875 0 inf 267.749 214.199 
177.977 214.199 142.8 0 inf 237.999 267.749 
178.077 178.5 153 0 inf 267.749 237.999 
178.197 178.5 164.769 0 inf 267.749 267.749 
178.297 178.5 142.8 0 inf 267.749 267.749 
178.417 194.727 126 0 inf 267.749 305.999 
178.517 194.727 133.875 0 inf 237.999 267.749 
178.617 194.727 133.875 0 inf 214.199 267.749 
178.737 164.769 164.769 0 inf 267.749 237.999 
178.857 178.5 119 0 inf 214.199 267.749 
178.977 214.199 133.875 0 inf 267.749 267.749 
179.077 194.727 133.875 0 inf 237.999 237.999 
179.197 178.5 133.875 0 inf 214.199 267.749 
179.297 194.727 142.8 0 inf 237.999 267.749 
179.417 178.5 153 0 inf 267.749 237.999 
179.517 178.5 142.8 0 inf 237.999 237.999 
179.617 178.5 133.875 0 inf 214.199 237.999 
179.737 194.727 126 0 inf 267.749 267.749 
179.857 194.727 142.8 0 inf 237.999 237.999 
179.957 194.727 164.769 0 inf 267.749 267.749 
180.077 178.5 164.769 0 inf 237.999 267.749 
180.197 214.199 153 0 inf 267.749 305.999 
180.297 194.727 142.8 0 inf 237.999 267.749 
180.417 194.727 142.8 0 inf 237.999 237.999 
180.517 178.5 133.875 0 inf 267.749 267.749 
180.637 214.199 153 0 inf 267.749 267.749 
180.757 214.199 133.875 0 inf 237.999 237.999 
180.877 214.199 142.8 0 inf 267.749 267.749 
180.997 194.727 126 0 inf 267.749 267.749 
181.097 214.199 142.8 0 inf 267.749 267.749 
181.217 194.727 142.8 0 inf 267.749 267.749 
181.317 178.5 142.8 0 inf 237.999 305.999 
181.437 194.727 142.8 0 inf 267.749 267.749 
181.537 194.727 133.875 0 inf 237.999 237.999 
181.637 194.727 133.875 0 inf 237.999 267.749 
181.757 178.5 153 0 inf 214.199 237.999 
181.877 178.5 164.769 0 inf 267.749 267.749 
181.997 214.199 119 0 inf 237.999 237.999 
182.117 214.199 142.8 0 inf 237.999 267.749 
182.237 178.5 126 0 inf 237.999 237.999 
182.337 164.769 133.875 0 inf 237.999 237.999 
182.457 214.199 153 0 inf 267.749 305.999 
182.557 214.199 153 0 inf 267.749 267.749 
182.657 194.727 142.8 0 inf 237.999 237.999 
182.777 164.769 142.8 0 inf 214.199 237.999 
182.877 178.5 126 0 inf 214.199 237.999 
182.997 214.199 142.8 0 inf 237.999 237.999 
183.097 194.727 153 0 inf 267.749 214.199 
183.217 194.727 164.769 0 inf 267.749 267.749 
183.317 214.199 133.875 0 inf 237.999 267.749 
183.437 194.727 142.8 0 inf 237.999 267.749 
183.537 178.5 142.8 0 inf 267.749 267.749 
183.637 194.727 142.8 0 inf 237.999 267.749 
183.757 178.5 164.769 0 inf 267.749 267.749 
183.877 178.5 133.875 0 inf 214.199 237.999 
183.997 194.727 133.875 0 inf 237.999 267.749 
184.097 178.5 133.875 0 inf 237.999 237.999 
184.217 194.727 142.8 0 inf 237.999 267.749 
184.317 194.727 153 0 inf 267.749 305.999 
184.437 194.727 153 0 inf 237.999 267.749 
184.537 178.5 133.875 0 inf 237.999 267.749 
184.637 178.5 119 0 inf 237.999 267.749 
184.757 178.5 133.875 0 inf 237.999 267.749 
184.877 178.5 142.8 0 inf 237.999 267.749 
184.997 194.727 178.5 0 inf 237.999 267.749 
185.097 178.5 153 0 inf 267.749 237.999 
185.217 194.727 142.8 0 inf 237.999 237.999 
185.317 194.727 133.875 0 inf 214.199 267.749 
185.437 194.727 142.8 0 inf 267.749 267.749 
185.537 178.5 153 0 inf 237.999 237.999 
185.637 214.199 164.769 0 2141.99 356.999 178.5 
185.757 214.199 133.875 0 inf 214.199 267.749 
185.877 178.5 142.8 0 inf 267.749 267.749 
185.997 194.727 133.875 0 inf 267.749 237.999 
186.097 178.5 142.8 0 inf 237.999 237.999 
186.217 194.727 153 0 inf 267.749 267.749 
186.317 194.727 153 0 inf 267.749 267.749 
186.437 178.5 153 0 inf 237.999 267.749 
186.537 178.5 133.875 0 inf 267.749 237.999 
186.637 214.199 142.8 0 inf 237.999 267.749 
186.757 194.727 133.875 0 inf 267.749 237.999 
186.877 194.727 164.769 0 inf 237.999 237.999 
186.997 214.199 126 0 inf 267.749 267.749 
187.097 194.727 142.8 0 inf 267.749 267.749 
187.217 194.727 133.875 0 inf 267.749 237.999 
187.317 178.5 133.875 0 inf 237.999 267.749 
187.437 214.199 153 0 inf 267.749 267.749 
187.537 214.199 164.769 0 inf 237.999 214.199 
187.637 194.727 133.875 0 inf 237.999 237.999 
187.757 178.5 142.8 0 inf 237.999 267.749 
187.877 194.727 133.875 0 inf 194.727 267.749 
187.997 194.727 142.8 0 inf 267.749 267.749 
188.097 194.727 153 0 inf 267.749 267.749 
188.217 178.5 142.8 0 inf 237.999 237.999 
188.317 194.727 142.8 0 inf 237.999 267.749 
188.437 194.727 133.875 0 inf 237.999 267.749 
188.537 214.199 142.8 0 inf 267.749 267.749 
188.638 194.727 153 0 inf 237.999 267.749 
188.757 194.727 164.769 0 inf 267.749 237.999 
188.877 214.199 126 0 inf 267.749 237.999 
188.997 194.727 142.8 0 inf 237.999 267.749 
189.097 178.5 133.875 0 inf 267.749 267.749 
189.217 194.727 133.875 0 inf 214.199 267.749 
189.317 214.199 142.8 0 inf 267.749 237.999 
189.437 194.727 153 0 inf 267.749 237.999 
189.537 178.5 142.8 0 inf 267.749 267.749 
189.657 214.199 126 0 inf 237.999 305.999 
189.777 194.727 142.8 0 inf 267.749 237.999 
189.877 214.199 153 0 inf 237.999 267.749 
189.997 178.5 153 0 inf 267.749 267.749 
190.097 214.199 164.769 0 inf 267.749 237.999 
190.217 214.199 142.8 0 inf 267.749 267.749 
190.317 194.727 133.875 0 inf 237.999 267.749 
190.437 178.5 126 0 inf 267.749 237.999 
190.557 194.727 133.875 0 inf 237.999 237.999 
190.657 237.999 153 0 inf 237.999 267.749 
190.777 194.727 142.8 0 inf 237.999 267.749 
190.877 194.727 142.8 0 inf 267.749 237.999 
190.997 214.199 142.8 0 inf 237.999 267.749 
191.097 214.199 153 0 inf 237.999 267.749 
191.217 194.727 164.769 0 inf 267.749 237.999 
191.317 194.727 164.769 0 inf 267.749 237.999 
191.437 214.199 153 0 inf 267.749 267.749 
191.537 194.727 142.8 0 inf 267.749 267.749 
191.657 194.727 133.875 0 inf 267.749 267.749 
191.777 194.727 153 0 inf 267.749 267.749 
191.877 194.727 164.769 0 inf 237.999 237.999 
191.997 194.727 142.8 0 inf 267.749 237.999 
192.097 194.727 153 0 inf 237.999 267.749 
192.217 178.5 133.875 0 inf 237.999 267.749 
192.317 237.999 133.875 0 inf 267.749 267.749 
192.437 214.199 142.8 0 inf 267.749 237.999 
192.537 194.727 153 0 inf 237.999 267.749 
192.657 194.727 153 0 inf 237.999 267.749 
192.777 194.727 142.8 0 inf 267.749 267.749 
192.877 214.199 133.875 0 inf 237.999 237.999 
192.997 194.727 164.769 0 inf 237.999 237.999 
193.097 194.727 153 0 inf 267.749 237.999 
193.217 214.199 133.875 0 inf 267.749 267.749 
193.317 214.199 133.875 0 inf 237.999 267.749 
193.437 194.727 133.875 0 inf 237.999 237.999 
193.557 194.727 142.8 0 inf 237.999 237.999 
193.657 194.727 142.8 0 inf 267.749 267.749 
193.777 194.727 164.769 0 inf 267.749 267.749 
193.877 194.727 153 0 inf 237.999 237.999 
193.997 194.727 133.875 0 inf 237.999 305.999 
194.097 214.199 133.875 0 inf 214.199 237.999 
194.217 194.727 153 0 inf 267.749 267.749 
194.317 194.727 178.5 0 inf 267.749 267.749 
194.437 194.727 133.875 0 inf 237.999 267.749 
194.537 214.199 153 0 inf 237.999 237.999 
194.658 194.727 133.875 0 inf 267.749 237.999 
194.777 178.5 142.8 0 inf 237.999 237.999 
194.877 194.727 153 0 inf 305.999 237.999 
194.997 214.199 153 0 inf 237.999 237.999 
195.097 194.727 153 0 inf 237.999 267.749 
195.217 164.769 133.875 0 inf 267.749 267.749 
195.317 178.5 133.875 0 inf 237.999 267.749 
195.437 214.199 142.8 0 inf 267.749 267.749 
195.537 194.727 153 0 inf 214.199 305.999 
195.657 194.727 164.769 0 inf 237.999 267.749 
195.777 214.199 142.8 0 inf 267.749 267.749 
195.877 214.199 133.875 0 inf 267.749 267.749 
195.997 194.727 133.875 0 inf 214.199 237.999 
196.097 194.727 153 0 inf 237.999 267.749 
196.217 194.727 142.8 0 inf 214.199 237.999 
196.317 214.199 153 0 inf 237.999 305.999 
196.437 194.727 153 0 inf 237.999 237.999 
196.537 194.727 133.875 0 inf 267.749 237.999 
196.658 214.199 133.875 0 inf 267.749 267.749 
196.777 194.727 164.769 0 inf 267.749 267.749 
196.877 178.5 164.769 0 inf 267.749 237.999 
196.997 178.5 153 0 inf 237.999 267.749 
197.097 194.727 142.8 0 inf 305.999 267.749 
197.217 194.727 142.8 0 inf 267.749 267.749 
197.317 178.5 153 0 inf 237.999 237.999 
197.437 178.5 164.769 0 inf 237.999 237.999 
197.537 178.5 133.875 0 inf 237.999 237.999 
197.66 214.199 153 0 inf 237.999 237.999 
197.777 194.727 126 0 inf 267.749 267.749 
197.877 178.5 133.875 0 inf 237.999 267.749 
197.997 194.727 153 0 inf 214.199 237.999 
198.097 214.199 153 0 inf 237.999 267.749 
198.217 178.5 142.8 0 inf 237.999 305.999 
198.337 178.5 142.8 0 inf 214.199 267.749 
198.437 214.199 142.8 0 inf 267.749 267.749 
198.557 214.199 153 0 inf 267.749 267.749 
198.677 194.727 178.5 0 inf 237.999 305.999 
198.797 194.727 153 0 inf 237.999 237.999 
198.917 194.727 133.875 0 inf 237.999 267.749 
199.037 214.199 133.875 0 inf 237.999 267.749 
199.137 214.199 142.8 0 inf 237.999 237.999 
