0.513627 0 0 0 0 0 0 
0.613749 0 0 0 0 0 0 
0.733639 0 0 0 0 0 0 
0.833663 0 0 0 0 0 0 
0.953631 0 0 0 0 0 0 
1.07363 0 0 0 0 0 0 
1.19363 0 0 0 0 0 0 
1.29363 0 0 0 0 0 0 
1.39365 0 0 0 0 0 0 
1.51363 0 0 0 0 0 0 
1.63363 0 0 0 0 0 0 
1.73364 0 0 0 0 0 0 
1.83367 0 0 0 0 0 0 
1.95363 0 0 0 0 0 0 
2.07363 0 0 0 0 0 0 
2.17363 0 0 0 0 0 0 
2.29365 0 0 0 0 0 0 
2.39365 0 0 0 0 0 0 
2.51363 0 0 0 0 0 0 
2.61365 0 0 0 0 0 0 
2.73366 0 0 0 0 0 0 
2.83368 0 0 0 0 0 0 
2.95363 0 0 0 0 0 0 
3.05363 0 0 0 0 0 0 
3.15366 0 0 0 0 0 0 
3.27363 0 0 0 0 0 0 
3.39366 0 0 0 0 0 0 
3.51364 0 0 0 0 0 0 
3.63363 0 0 0 0 0 0 
3.75363 0 0 0 0 0 0 
3.85364 0 0 0 0 0 0 
3.97363 0 0 0 0 0 0 
4.07363 0 0 0 0 0 0 
4.19363 0 0 0 0 0 0 
4.31364 0 0 0 0 0 0 
4.41364 0 0 0 0 0 0 
4.51377 0 0 0 0 0 0 
4.63386 0 0 0 0 0 0 
4.75363 0 0 0 0 0 0 
4.85363 0 0 0 0 0 0 
4.97363 0 0 0 0 0 0 
5.09363 0 0 0 0 0 0 
5.21363 0 0 0 0 0 0 
5.33363 0 0 0 0 0 0 
5.43363 0 0 0 0 0 0 
5.55362 0 0 0 0 0 0 
5.65363 0 0 0 0 0 0 
5.77363 0 0 0 0 0 0 
5.89366 0 0 0 0 0 0 
6.01363 0 0 0 0 0 0 
6.11363 0 0 0 0 0 0 
6.23363 0 0 0 0 0 0 
6.35363 0 0 0 0 0 0 
6.45363 0 0 0 0 0 0 
6.57363 0 0 0 0 0 0 
6.67364 0 0 0 0 0 0 
6.79363 0 0 0 0 0 0 
6.89365 0 0 0 0 0 0 
7.01363 0 0 0 0 0 0 
7.11363 0 0 0 0 0 0 
7.21363 0 0 0 0 0 0 
7.31363 0 0 0 0 0 0 
7.41365 0 0 0 0 0 0 
7.53363 0 0 0 0 0 0 
7.65363 0 0 0 0 0 0 
7.75363 0 0 0 0 0 0 
7.85364 0 0 0 0 0 0 
7.97363 0 0 0 0 0 0 
8.09362 0 0 0 0 0 0 
8.19362 0 0 0 0 0 0 
8.29363 0 0 0 0 0 0 
8.39365 0 0 0 0 0 0 
8.51363 0 0 0 0 0 0 
8.63363 0 0 0 0 0 0 
8.75363 0 0 0 0 0 0 
8.85365 0 0 0 0 0 0 
8.97363 0 0 0 0 0 0 
9.09365 0 0 0 0 0 0 
9.21363 0 0 0 0 0 0 
9.33363 0 0 0 0 0 0 
9.43363 0 0 0 0 0 0 
9.53363 0 0 0 0 0 0 
9.65364 0 0 0 0 0 0 
9.77363 0 0 0 0 0 0 
9.87363 0 0 0 0 0 0 
9.99362 0 0 0 0 0 0 
10.0936 0 0 0 0 0 0 
10.1936 0 0 0 0 0 0 
10.2936 0 0 0 0 0 0 
10.3936 0 0 0 0 0 0 
10.4936 0 0 0 0 0 0 
10.5937 0 0 0 0 0 0 
10.7136 0 0 0 0 0 0 
10.8136 0 0 0 0 0 0 
10.9137 0 0 0 0 0 0 
11.0336 0 0 0 0 0 0 
11.1536 0 0 0 0 0 0 
11.2536 0 0 0 0 0 0 
11.3536 0 0 0 0 0 0 
11.4736 0 0 0 0 0 0 
11.5936 0 0 0 0 0 0 
11.7136 0 0 0 0 0 0 
11.8337 0 0 0 0 0 0 
11.9536 0 0 0 0 0 0 
12.0536 0 0 0 0 0 0 
12.1736 0 0 0 0 0 0 
12.2936 0 0 0 0 0 0 
12.3936 0 0 0 0 0 0 
12.5136 0 0 0 0 0 0 
12.6136 0 0 0 0 0 0 
12.7337 0 0 0 0 0 0 
12.8338 0 0 0 0 0 0 
12.9536 0 0 0 0 0 0 
13.0736 0 0 0 0 0 0 
13.1936 0 0 0 0 0 0 
13.2936 0 0 0 0 0 0 
13.3936 0 0 0 0 0 0 
13.5136 0 0 0 0 0 0 
13.6336 0 0 0 0 0 0 
13.7336 0 0 0 0 0 0 
13.8345 0 0 0 0 0 0 
13.9536 0 0 0 0 0 0 
14.0536 0 0 0 0 0 0 
14.1736 0 0 0 0 0 0 
14.2936 0 0 0 0 0 0 
14.4136 0 0 0 0 0 0 
14.5137 0 0 0 0 0 0 
14.6137 0 0 0 0 0 0 
14.7336 0 0 0 0 0 0 
14.8337 0 0 0 0 0 0 
14.9536 0 0 0 0 0 0 
15.0736 0 0 0 0 0 0 
15.1737 0 0 0 0 0 0 
15.2936 0 0 0 0 0 0 
15.3936 0 0 0 0 0 0 
15.4937 0 0 0 0 0 0 
15.6137 0 0 0 0 0 0 
15.7137 0 0 0 0 0 0 
15.8339 0 0 0 0 0 0 
15.9537 0 0 0 0 0 0 
16.0737 0 0 0 0 0 0 
16.1937 0 0 0 0 0 0 
16.3136 0 0 0 0 0 0 
16.4136 0 0 0 0 0 0 
16.5336 0 0 0 0 0 0 
16.6536 0 0 0 0 0 0 
16.7736 0 0 0 0 0 0 
16.8736 0 0 0 0 0 0 
16.9936 0 0 0 0 0 0 
17.0936 0 0 0 0 0 0 
17.1936 0 0 0 0 0 0 
17.2936 0 0 0 0 0 0 
17.4136 0 0 0 0 0 0 
17.5336 0 0 0 0 0 0 
17.6536 0 0 0 0 0 0 
17.7536 0 0 0 0 0 0 
17.8537 0 0 0 0 0 0 
17.9736 0 0 0 0 0 0 
18.0737 0 0 0 0 0 0 
18.1937 0 0 0 0 0 0 
18.2937 0 0 0 0 0 0 
18.4136 0 0 0 0 0 0 
18.5336 0 0 0 0 0 0 
18.6337 0 0 0 0 0 0 
18.7536 0 0 0 0 0 0 
18.8536 0 0 0 0 0 0 
18.9736 0 0 0 0 0 0 
19.0936 0 0 0 0 0 0 
19.1936 0 0 0 0 0 0 
19.2937 0 0 0 0 0 0 
19.4136 0 0 0 0 0 0 
19.5336 0 0 0 0 0 0 
19.6337 0 0 0 0 0 0 
19.7537 0 0 0 0 0 0 
19.8736 0 0 0 0 0 0 
19.9937 0 0 0 0 0 0 
20.1137 0 0 0 0 0 0 
20.2336 0 0 0 0 0 0 
20.3336 0 0 0 0 0 0 
20.4337 0 0 0 0 0 0 
20.5536 0 0 0 0 0 0 
20.6537 0 0 0 0 0 0 
20.7736 0 0 0 0 0 0 
20.8737 0 0 0 0 0 0 
20.9937 0 0 0 0 0 0 
21.1137 0 0 0 0 0 0 
21.2337 0 0 0 0 0 0 
21.3537 0 0 0 0 0 0 
21.4737 0 0 0 0 0 0 
21.5737 0 0 0 0 0 0 
21.6936 0 0 0 0 0 0 
21.8136 0 0 0 0 0 0 
21.9337 0 0 0 0 0 0 
22.0536 0 0 0 0 0 0 
22.1537 0 0 0 0 0 0 
22.2737 0 0 0 0 0 0 
22.3937 0 0 0 0 0 0 
22.5137 0 0 0 0 0 0 
22.6337 0 0 0 0 0 0 
22.7537 0 0 0 0 0 0 
22.8537 0 0 0 0 0 0 
22.9736 0 0 0 0 0 0 
23.0737 0 0 0 0 0 0 
23.1936 0 0 0 0 0 0 
23.2937 0 0 0 0 0 0 
23.4136 0 0 0 0 0 0 
23.5136 0 0 0 0 0 0 
23.6137 0 0 0 0 0 0 
23.7137 0 0 0 0 0 0 
23.8337 0 0 0 0 0 0 
23.9338 0 0 0 0 0 0 
24.0539 0 0 0 0 0 0 
24.1736 0 0 0 0 0 0 
24.2936 0 0 0 0 0 0 
24.4136 0 0 0 0 0 0 
24.5136 0 0 0 0 0 0 
24.6336 0 0 0 0 0 0 
24.7336 0 0 0 0 0 0 
24.8336 0 0 0 0 0 0 
24.9341 0 0 0 0 0 0 
25.0536 0 0 0 0 0 0 
25.1737 0 0 0 0 0 0 
25.2936 0 0 0 0 0 0 
25.3936 0 0 0 0 0 0 
25.4937 0 0 0 0 0 0 
25.6136 0 0 0 0 0 0 
25.7136 0 0 0 0 0 0 
25.8336 0 0 0 0 0 0 
25.9337 0 0 0 0 0 0 
26.0536 0 0 0 0 0 0 
26.1736 0 0 0 0 0 0 
26.2936 0 0 0 0 0 0 
26.4137 0 0 0 0 0 0 
26.5336 0 0 0 0 0 0 
26.6336 0 0 0 0 0 0 
26.7536 0 0 0 0 0 0 
26.8542 0 0 0 0 0 0 
26.9736 0 0 0 0 0 0 
27.0936 0 0 0 0 0 0 
27.2136 0 0 0 0 0 0 
27.3136 0 0 0 0 0 0 
27.4337 0 0 0 0 0 0 
27.5536 0 0 0 0 0 0 
27.6736 0 0 0 0 0 0 
27.7936 0 0 0 0 0 0 
27.8936 0 0 0 0 0 0 
28.0136 0 0 0 0 0 0 
28.1136 0 0 0 0 0 0 
28.2136 0 0 0 0 0 0 
28.3336 0 0 0 0 0 0 
28.4337 0 0 0 0 0 0 
28.5536 0 0 0 0 0 0 
28.6537 0 0 0 0 0 0 
28.7736 0 0 0 0 0 0 
28.8737 0 0 0 0 0 0 
28.9937 0 0 0 0 0 0 
29.1136 0 0 0 0 0 0 
29.2336 0 0 0 0 0 0 
29.3336 0 0 0 0 0 0 
29.4336 0 0 0 0 0 0 
29.5536 0 0 0 0 0 0 
29.6736 0 0 0 0 0 0 
29.7936 0 0 0 0 0 0 
29.8937 0 0 0 0 0 0 
30.0137 0 0 0 0 0 0 
30.1337 0 0 0 0 0 0 
30.2537 0 0 0 0 0 0 
30.3737 0 0 0 0 0 0 
30.4737 0 0 0 0 0 0 
30.5937 0 0 0 0 0 0 
30.6937 0 0 0 0 0 0 
30.8137 0 0 0 0 0 0 
30.9337 0 0 0 0 0 0 
31.0537 0 0 0 0 0 0 
31.1736 0 0 0 0 0 0 
31.2737 0 0 0 0 0 0 
31.3737 0 0 0 0 0 0 
31.4937 0 0 0 0 0 0 
31.5937 0 0 0 0 0 0 
31.6937 0 0 0 0 0 0 
31.8137 0 0 0 0 0 0 
31.9336 0 0 0 0 0 0 
32.0536 0 0 0 0 0 0 
32.1736 0 0 0 0 0 0 
32.2936 0 0 0 0 0 0 
32.3936 0 0 0 0 0 0 
32.5136 0 0 0 0 0 0 
32.6336 0 0 0 0 0 0 
32.7536 0 0 0 0 0 0 
32.8536 0 0 0 0 0 0 
32.9536 0 0 0 0 0 0 
33.0736 0 0 0 0 0 0 
33.1736 0 0 0 0 0 0 
33.2936 0 0 0 0 0 0 
33.3936 0 0 0 0 0 0 
33.4937 0 0 0 0 0 0 
33.5937 0 0 0 0 0 0 
33.7136 0 0 0 0 0 0 
33.8136 0 0 0 0 0 0 
33.9137 0 0 0 0 0 0 
34.0137 0 0 0 0 0 0 
34.1137 0 0 0 0 0 0 
34.2342 0 0 0 0 0 0 
34.3536 0 0 0 0 0 0 
34.4537 0 0 0 0 0 0 
34.5736 0 0 0 0 0 0 
34.6737 0 0 0 0 0 0 
34.7936 0 0 0 0 0 0 
34.8936 0 0 0 0 0 0 
35.0136 0 0 0 0 0 0 
35.1336 0 0 0 0 0 0 
35.2336 0 0 0 0 0 0 
35.3337 0 0 0 0 0 0 
35.4337 0 0 0 0 0 0 
35.5536 0 0 0 0 0 0 
35.6536 0 0 0 0 0 0 
35.7537 0 0 0 0 0 0 
35.8737 0 0 0 0 0 0 
35.9936 0 0 0 0 0 0 
36.1136 0 0 0 0 0 0 
36.2136 0 0 0 0 0 0 
36.3136 0 0 0 0 0 0 
36.4136 0 0 0 0 0 0 
36.5336 0 0 0 0 0 0 
36.6536 0 0 0 0 0 0 
36.7537 0 0 0 0 0 0 
36.8537 0 0 0 0 0 0 
36.9737 0 0 0 0 0 0 
37.0936 0 0 0 0 0 0 
37.1936 0 0 0 0 0 0 
37.2937 0 0 0 0 0 0 
37.4136 0 0 0 0 0 0 
37.5336 0 0 0 0 0 0 
37.6337 0 0 0 0 0 0 
37.7536 0 0 0 0 0 0 
37.8536 0 0 0 0 0 0 
37.9737 0 0 0 0 0 0 
38.0936 0 0 0 0 0 0 
38.2136 0 0 0 0 0 0 
38.3136 0 0 0 0 0 0 
38.4136 0 0 0 0 0 0 
38.5337 0 0 0 0 0 0 
38.6536 0 0 0 0 0 0 
38.7736 0 0 0 0 0 0 
38.8737 0 0 0 0 0 0 
38.9936 0 0 0 0 0 0 
39.0937 0 0 0 0 0 0 
39.2136 0 0 0 0 0 0 
39.3137 0 0 0 0 0 0 
39.4336 0 0 0 0 0 0 
39.5336 0 0 0 0 0 0 
39.6337 0 0 0 0 0 0 
39.7537 0 0 0 0 0 0 
39.8737 0 0 0 0 0 0 
39.9737 0 0 0 0 0 0 
40.0936 0 0 0 0 0 0 
40.2136 0 0 0 0 0 0 
40.3336 0 0 0 0 0 0 
40.4536 0 0 0 0 0 0 
40.5536 0 0 0 0 0 0 
40.6736 0 0 0 0 0 0 
40.7736 0 0 0 0 0 0 
40.8737 0 0 0 0 0 0 
40.9937 0 0 0 0 0 0 
41.1137 0 0 0 0 0 0 
41.2337 0 0 0 0 0 0 
41.3537 0 0 0 0 0 0 
41.4537 0 0 0 0 0 0 
41.5737 0 0 0 0 0 0 
41.6737 0 0 0 0 0 0 
41.7937 0 0 0 0 0 0 
41.8937 0 0 0 0 0 0 
42.0137 0 0 0 0 0 0 
42.1337 0 0 0 0 0 0 
42.2337 0 0 0 0 0 0 
42.3337 0 0 0 0 0 0 
42.4337 0 0 0 0 0 0 
42.5537 0 0 0 0 0 0 
42.6537 0 0 0 0 0 0 
42.7537 0 0 0 0 0 0 
42.8742 0 0 0 0 0 0 
42.9937 0 0 0 0 0 0 
43.1137 0 0 0 0 0 0 
43.2337 0 0 0 0 0 0 
43.3537 0 0 0 0 0 0 
43.4537 0 0 0 0 0 0 
43.5736 0 0 0 0 0 0 
43.6737 0 0 0 0 0 0 
43.7737 0 0 0 0 0 0 
43.8756 0 0 0 0 0 0 
43.9937 0 0 0 0 0 0 
44.0937 0 0 0 0 0 0 
44.2136 0 0 0 0 0 0 
44.3137 0 0 0 0 0 0 
44.4137 0 0 0 0 0 0 
44.5336 0 0 0 0 0 0 
44.6536 0 0 0 0 0 0 
44.7736 0 0 0 0 0 0 
44.8937 0 0 0 0 0 0 
45.0136 0 0 0 0 0 0 
45.1137 0 0 0 0 0 0 
45.2137 0 0 0 0 0 0 
45.3336 0 0 0 0 0 0 
45.4336 0 0 0 0 0 0 
45.5339 0 0 0 0 0 0 
45.6537 0 0 0 0 0 0 
45.7737 0 0 0 0 0 0 
45.8737 0 0 0 0 0 0 
45.9741 0 0 0 0 0 0 
46.0937 0 0 0 0 0 0 
46.2137 0 0 0 0 0 0 
46.3137 0 0 0 0 0 0 
46.4337 0 0 0 0 0 0 
46.5337 0 0 0 0 0 0 
46.6537 0 0 0 0 0 0 
46.7537 0 0 0 0 0 0 
46.8737 0 0 0 0 0 0 
46.9739 0 0 0 0 0 0 
47.0937 0 0 0 0 0 0 
47.1937 0 0 0 0 0 0 
47.2937 0 0 0 0 0 0 
47.4137 0 0 0 0 0 0 
47.5137 0 0 0 0 0 0 
47.6137 0 0 0 0 0 0 
47.7337 0 0 0 0 0 0 
47.8537 0 0 0 0 0 0 
47.9737 0 0 0 0 0 0 
48.0937 0 0 0 0 0 0 
48.1937 0 0 0 0 0 0 
48.3137 0 0 0 0 0 0 
48.4137 0 0 0 0 0 0 
48.5137 0 0 0 0 0 0 
48.6337 0 0 0 0 0 0 
48.7337 0 0 0 0 0 0 
48.8537 0 0 0 0 0 0 
48.9537 0 0 0 0 0 0 
49.0537 0 0 0 0 0 0 
49.1737 0 0 0 0 0 0 
49.2937 0 0 0 0 0 0 
49.3937 0 0 0 0 0 0 
49.5137 0 0 0 0 0 0 
49.6137 0 0 0 0 0 0 
49.7337 0 0 0 0 0 0 
49.834 0 0 0 0 0 0 
49.934 0 0 0 0 0 0 
50.054 0 0 0 0 0 0 
50.1737 0 0 0 0 0 0 
50.2739 0 0 0 0 0 0 
50.3937 0 0 0 0 0 0 
50.4937 0 0 0 0 0 0 
50.5937 0 0 0 0 0 0 
50.7137 0 0 0 0 0 0 
50.8337 0 0 0 0 0 0 
50.9337 0 0 0 0 0 0 
51.0537 0 0 0 0 0 0 
51.1737 0 0 0 0 0 0 
51.2737 0 0 0 0 0 0 
51.3937 0 0 0 0 0 0 
51.4937 0 0 0 0 0 0 
51.6137 0 0 0 0 0 0 
51.7337 0 0 0 0 0 0 
51.8537 0 0 0 0 0 0 
51.9539 0 0 0 0 0 0 
52.0737 0 0 0 0 0 0 
52.1937 0 0 0 0 0 0 
52.2937 0 0 0 0 0 0 
52.4138 0 0 0 0 0 0 
52.5337 0 0 0 0 0 0 
52.6537 0 0 0 0 0 0 
52.7737 0 0 0 0 0 0 
52.8737 0 0 0 0 0 0 
52.9738 0 0 0 0 0 0 
53.0937 0 0 0 0 0 0 
53.2137 0 0 0 0 0 0 
53.3137 0 0 0 0 0 0 
53.4137 0 0 0 0 0 0 
53.5337 0 0 0 0 0 0 
53.6537 0 0 0 0 0 0 
53.7537 0 0 0 0 0 0 
53.8737 0 0 0 0 0 0 
53.9937 0 0 0 0 0 0 
54.1137 0 0 0 0 0 0 
54.2137 0 0 0 0 0 0 
54.3337 0 0 0 0 0 0 
54.4537 0 0 0 0 0 0 
54.5737 0 0 0 0 0 0 
54.6737 0 0 0 0 0 0 
54.7937 0 0 0 0 0 0 
54.8937 0 0 0 0 0 0 
55.0137 0 0 0 0 0 0 
55.1337 0 0 0 0 0 0 
55.2337 0 0 0 0 0 0 
55.3337 0 0 0 0 0 0 
55.4537 0 0 0 0 0 0 
55.5737 0 0 0 0 0 0 
55.6937 0 0 0 0 0 0 
55.7937 0 0 0 0 0 0 
55.8937 0 0 0 0 0 0 
56.0137 0 0 0 0 0 0 
56.1137 0 0 0 0 0 0 
56.2137 0 0 0 0 0 0 
56.3337 0 0 0 0 0 0 
56.4537 0 0 0 0 0 0 
56.5537 0 0 0 0 0 0 
56.6737 0 0 0 0 0 0 
56.7737 0 0 0 0 0 0 
56.8738 0 0 0 0 0 0 
56.9972 0 0 0 0 0 0 
57.1137 0 0 0 0 0 0 
57.2337 0 0 0 0 0 0 
57.3537 0 0 0 0 0 0 
57.4737 0 0 0 0 0 0 
57.5737 0 0 0 0 0 0 
57.6941 0 0 0 0 0 0 
57.8137 0 0 0 0 0 0 
57.9137 0 0 0 0 0 0 
58.0337 0 0 0 0 0 0 
58.1338 0 0 0 0 0 0 
58.2537 0 0 0 0 0 0 
58.3738 0 0 0 0 0 0 
58.4946 0 0 0 0 0 0 
58.6137 0 0 0 0 0 0 
58.7138 0 0 0 0 0 0 
58.8337 0 0 0 0 0 0 
58.9537 0 0 0 0 0 0 
59.0541 0 0 0 0 0 0 
59.1741 0 0 0 0 0 0 
59.2741 0 0 0 0 0 0 
59.3937 0 0 0 0 0 0 
59.4963 0 0 0 0 0 0 
59.6137 0 0 0 0 0 0 
59.7137 0 0 0 0 0 0 
59.8138 0 0 0 0 0 0 
59.9338 0 0 0 0 0 0 
60.0537 0 0 0 0 0 0 
60.1538 0 0 0 0 0 0 
60.2738 0 0 0 0 0 0 
60.3738 0 0 0 0 0 0 
60.4938 0 0 0 0 0 0 
60.6137 0 0 0 0 0 0 
60.7338 0 0 0 0 0 0 
60.8338 0 0 0 0 0 0 
60.9538 0 0 0 0 0 0 
61.0738 0 0 0 0 0 0 
61.1938 0 0 0 0 0 0 
61.3138 0 0 0 0 0 0 
61.4138 0 0 0 0 0 0 
61.5337 0 0 0 0 0 0 
61.6537 0 0 0 0 0 0 
61.7737 0 0 0 0 0 0 
61.8937 0 0 0 0 0 0 
62.0137 0 0 0 0 0 0 
62.1337 0 0 0 0 0 0 
62.2537 0 0 0 0 0 0 
62.3737 0 0 0 0 0 0 
62.4737 0 0 0 0 0 0 
62.5945 0 0 0 0 0 0 
62.7137 0 0 0 0 0 0 
62.8337 0 0 0 0 0 0 
62.9337 0 0 0 0 0 0 
63.0537 0 0 0 0 0 0 
63.1737 0 0 0 0 0 0 
63.2737 0 0 0 0 0 0 
63.3737 0 0 0 0 0 0 
63.4737 0 0 0 0 0 0 
63.5737 0 0 0 0 0 0 
63.6737 0 0 0 0 0 0 
63.7938 0 0 0 0 0 0 
63.8938 0 0 0 0 0 0 
64.0138 0 0 0 0 0 0 
64.1337 0 0 0 0 0 0 
64.2537 0 0 0 0 0 0 
64.3737 0 0 0 0 0 0 
64.4937 0 0 0 0 0 0 
64.6137 0 0 0 0 0 0 
64.7137 0 0 0 0 0 0 
64.8337 0 0 0 0 0 0 
64.9337 0 0 0 0 0 0 
65.0337 0 0 0 0 0 0 
65.1537 0 0 0 0 0 0 
65.2537 0 0 0 0 0 0 
65.3737 0 0 0 0 0 0 
65.4937 0 0 0 0 0 0 
65.5937 0 0 0 0 0 0 
65.6937 0 0 0 0 0 0 
65.8137 0 0 0 0 0 0 
65.9137 0 0 0 0 0 0 
66.0137 0 0 0 0 0 0 
66.1137 0 0 0 0 0 0 
66.2338 0 0 0 0 0 0 
66.3537 0 0 0 0 0 0 
66.4737 0 0 0 0 0 0 
66.5737 0 0 0 0 0 0 
66.6937 0 0 0 0 0 0 
66.8137 0 0 0 0 0 0 
66.9341 0 0 0 0 0 0 
67.0537 0 0 0 0 0 0 
67.1537 0 0 0 0 0 0 
67.2737 0 0 0 0 0 0 
67.3937 0 0 0 0 0 0 
67.4937 0 0 0 0 0 0 
67.5937 0 0 0 0 0 0 
67.7137 0 0 0 0 0 0 
67.8337 0 0 0 0 0 0 
67.9337 0 0 0 0 0 0 
68.0537 0 0 0 0 0 0 
68.1537 0 0 0 0 0 0 
68.2538 0 0 0 0 0 0 
68.3738 0 0 0 0 0 0 
68.4938 0 0 0 0 0 0 
68.6138 0 0 0 0 0 0 
68.7337 0 0 0 0 0 0 
68.8537 0 0 0 0 0 0 
68.9737 0 0 0 0 0 0 
69.0737 0 0 0 0 0 0 
69.1737 0 0 0 0 0 0 
69.2937 0 0 0 0 0 0 
69.3938 0 0 0 0 0 0 
69.5138 0 0 0 0 0 0 
69.6337 0 0 0 0 0 0 
69.7337 0 0 0 0 0 0 
69.8347 0 0 0 0 0 0 
69.9602 0 0 0 0 0 0 
70.0737 0 0 0 0 0 0 
70.1737 0 0 0 0 0 0 
70.2937 0 0 0 0 0 0 
70.4137 0 0 0 0 0 0 
70.5137 0 0 0 0 0 0 
70.6137 0 0 0 0 0 0 
70.7337 0 0 0 0 0 0 
70.8537 0 0 0 0 0 0 
70.9537 0 0 0 0 0 0 
71.0737 0 0 0 0 0 0 
71.1937 0 0 0 0 0 0 
71.3137 0 0 0 0 0 0 
71.4138 0 0 0 0 0 0 
71.5337 0 0 0 0 0 0 
71.6341 0 0 0 0 0 0 
71.7542 0 0 0 0 0 0 
71.8737 0 0 0 0 0 0 
71.9937 0 0 0 0 0 0 
72.0938 0 0 0 0 0 0 
72.2138 0 0 0 0 0 0 
72.3146 0 0 0 0 0 0 
72.4337 0 0 0 0 0 0 
72.5337 0 0 0 0 0 0 
72.6337 0 0 0 0 0 0 
72.7337 0 0 0 0 0 0 
72.8537 0 0 0 0 0 0 
72.9737 0 0 0 0 0 0 
73.0937 0 0 0 0 0 0 
73.1937 0 0 0 0 0 0 
73.3137 0 0 0 0 0 0 
73.4337 0 0 0 0 0 0 
73.5537 0 0 0 0 0 0 
73.6537 0 0 0 0 0 0 
73.7737 0 0 0 0 0 0 
73.8737 0 0 0 0 0 0 
73.9937 0 0 0 0 0 0 
74.1137 0 0 0 0 0 0 
74.2337 0 0 0 0 0 0 
74.3537 0 0 0 0 0 0 
74.4737 0 0 0 0 0 0 
74.5937 0 0 0 0 0 0 
74.7137 0 0 0 0 0 0 
74.8337 0 0 0 0 0 0 
74.9537 0 0 0 0 0 0 
75.054 0 0 0 0 0 0 
75.154 0 0 0 0 0 0 
75.2737 0 0 0 0 0 0 
75.3937 0 0 0 0 0 0 
75.5137 0 0 0 0 0 0 
75.6137 0 0 0 0 0 0 
75.7337 0 0 0 0 0 0 
75.8537 0 0 0 0 0 0 
75.9537 0 0 0 0 0 0 
76.0737 0 0 0 0 0 0 
76.1937 0 0 0 0 0 0 
76.2937 0 0 0 0 0 0 
76.4137 0 0 0 0 0 0 
76.5337 0 0 0 0 0 0 
76.6537 0 0 0 0 0 0 
76.7737 0 0 0 0 0 0 
76.8937 0 0 0 0 0 0 
76.9937 0 0 0 0 0 0 
77.0937 0 0 0 0 0 0 
77.1937 0 0 0 0 0 0 
77.3137 0 0 0 0 0 0 
77.4337 0 0 0 0 0 0 
77.5537 0 0 0 0 0 0 
77.6537 0 0 0 0 0 0 
77.7744 0 0 0 0 0 0 
77.8937 0 0 0 0 0 0 
78.0137 0 0 0 0 0 0 
78.1337 0 0 0 0 0 0 
78.2537 0 0 0 0 0 0 
78.3537 0 0 0 0 0 0 
78.4737 0 0 0 0 0 0 
78.5937 0 0 0 0 0 0 
78.7137 0 0 0 0 0 0 
78.8137 0 0 0 0 0 0 
78.9137 0 0 0 0 0 0 
79.0347 0 0 0 0 0 0 
79.1537 0 0 0 0 0 0 
79.2537 0 0 0 0 0 0 
79.3537 0 0 0 0 0 0 
79.4537 0 0 0 0 0 0 
79.5737 0 0 0 0 0 0 
79.6737 0 0 0 0 0 0 
79.7737 0 0 0 0 0 0 
79.8737 0 0 0 0 0 0 
79.9937 0 0 0 0 0 0 
80.0938 0 0 0 0 0 0 
80.2138 0 0 0 0 0 0 
80.3138 0 0 0 0 0 0 
80.4338 0 0 0 0 0 0 
80.5383 0 0 0 0 0 0 
80.6538 0 0 0 0 0 0 
80.7738 0 0 0 0 0 0 
80.8738 0 0 0 0 0 0 
80.9738 0 0 0 0 0 0 
81.0738 0 0 0 0 0 0 
81.1938 0 0 0 0 0 0 
81.3137 0 0 0 0 0 0 
81.4144 0 0 0 0 0 0 
81.5354 0 0 0 0 0 0 
81.6538 0 0 0 0 0 0 
81.7546 0 0 0 0 0 0 
81.8738 71.3998 0 0 0 0 0 
81.9937 0 0 0 0 0 0 
82.1137 237.999 0 0 0 0 0 
82.2137 0 0 0 0 0 0 
82.3337 133.875 0 0 0 0 0 
82.4557 214.199 0 0 0 0 0 
82.5737 0 0 0 0 0 0 
82.6937 0 0 0 0 0 0 
82.7938 2141.99 0 0 0 0 0 
82.9138 133.875 0 0 0 0 0 
83.0337 142.8 0 0 0 0 0 
83.1337 142.8 0 0 0 0 0 
83.2337 0 0 0 0 0 0 
83.3537 0 0 0 0 0 0 
83.4737 237.999 0 0 0 0 0 
83.5937 164.769 0 0 0 0 0 
83.6937 237.999 0 0 0 0 0 
83.8137 0 0 0 0 0 0 
83.9137 142.8 0 0 0 0 0 
84.0337 2141.99 0 0 0 0 0 
84.1537 0 0 0 0 0 0 
84.2737 194.727 0 0 0 0 0 
84.3937 133.875 0 0 0 0 0 
84.5137 153 0 0 0 0 0 
84.6339 713.998 0 0 0 0 0 
84.7537 133.875 0 0 0 0 0 
84.8737 142.8 0 0 0 0 0 
84.9937 1071 0 0 0 0 0 
85.0937 133.875 0 0 0 0 0 
85.214 0 0 0 0 0 0 
85.3337 2141.99 0 0 0 0 0 
85.4337 133.875 0 0 0 0 0 
85.5337 153 0 0 0 0 0 
85.6539 133.875 0 0 0 0 0 
85.7737 133.875 0 0 0 0 0 
85.8737 153 0 0 0 0 0 
85.9937 535.499 0 0 0 0 0 
86.1137 428.399 0 0 0 0 0 
86.2337 133.875 0 0 0 0 0 
86.3537 133.875 0 0 0 0 0 
86.4737 142.8 0 0 0 0 0 
86.5937 0 0 0 0 0 0 
86.6937 178.5 0 0 0 0 0 
86.8137 0 0 0 0 0 0 
86.9137 142.8 0 0 0 0 0 
87.0337 194.727 0 0 0 0 0 
87.1537 153 0 0 0 0 0 
87.2737 214.199 0 0 0 0 0 
87.3737 153 0 0 0 0 0 
87.4937 142.8 0 0 0 0 0 
87.5937 142.8 0 0 0 0 0 
87.6937 0 0 0 0 0 0 
87.8137 153 0 0 0 0 0 
87.9337 153 0 0 0 0 0 
88.0337 2141.99 0 0 0 0 0 
88.1338 133.875 0 0 0 0 0 
88.2537 142.8 0 0 0 0 0 
88.3737 142.8 0 0 0 0 0 
88.4737 142.8 0 0 0 0 0 
88.5937 153 0 0 0 0 0 
88.6937 153 0 0 0 0 0 
88.7944 133.875 0 0 0 0 0 
88.9137 153 0 0 0 0 0 
89.0138 178.5 0 0 0 0 0 
89.1337 153 0 0 0 0 0 
89.2337 0 0 0 0 0 0 
89.3537 133.875 0 0 0 0 0 
89.4737 142.8 0 0 0 0 0 
89.5737 133.875 0 0 0 0 0 
89.6737 142.8 0 0 0 0 0 
89.7743 142.8 0 0 0 0 0 
89.8937 142.8 0 0 0 0 0 
89.9938 0 0 0 0 0 0 
90.1137 153 0 0 0 0 0 
90.2337 153 0 0 0 0 0 
90.3537 142.8 0 0 0 0 0 
90.4537 133.875 0 0 0 0 0 
90.5537 153 0 0 0 0 0 
90.6737 0 0 0 0 0 0 
90.7737 0 0 0 0 0 0 
90.8937 153 0 0 0 0 0 
90.9937 133.875 0 0 0 0 0 
91.1137 0 0 0 0 0 0 
91.2137 133.875 0 0 0 0 0 
91.3137 142.8 0 0 0 0 0 
91.4337 2141.99 0 0 0 0 0 
91.5538 713.998 0 0 0 0 0 
91.6737 142.8 0 0 0 0 0 
91.7742 142.8 0 0 0 0 0 
91.8937 0 0 0 0 0 0 
91.9937 142.8 0 0 0 0 0 
92.0937 164.769 0 0 0 0 0 
92.2137 0 0 0 0 0 0 
92.3337 133.875 0 0 0 0 0 
92.4537 142.8 0 0 0 0 0 
92.5572 142.8 0 0 0 0 0 
92.6737 2141.99 0 0 0 0 0 
92.7937 305.999 0 0 0 0 0 
92.8937 133.875 0 0 0 0 0 
93.0137 214.199 0 0 0 0 0 
93.1137 153 0 0 0 0 0 
93.2337 142.8 0 0 0 0 0 
93.3337 142.8 0 0 0 0 0 
93.4338 164.769 0 0 0 0 0 
93.5537 142.8 0 0 0 0 0 
93.6739 428.399 0 0 0 0 0 
93.7937 142.8 0 0 0 0 0 
93.9137 142.8 0 0 0 0 0 
94.0137 142.8 0 0 0 0 0 
94.1138 0 0 0 0 0 0 
94.2337 2141.99 0 0 0 0 0 
94.3537 153 0 0 0 0 0 
94.4537 142.8 0 0 0 0 0 
94.5737 119 0 0 0 0 0 
94.6937 133.875 0 0 0 0 0 
94.7937 428.399 0 0 0 0 0 
94.9137 153 0 0 0 0 0 
95.0337 133.875 0 0 0 0 0 
95.1537 142.8 0 0 0 0 0 
95.2537 142.8 0 0 0 0 0 
95.3537 142.8 0 0 0 0 0 
95.4737 153 0 0 0 0 0 
95.5739 126 0 0 0 0 0 
95.6937 126 0 0 0 0 0 
95.8137 428.399 0 0 0 0 0 
95.9137 153 0 0 0 0 0 
96.0137 142.8 0 0 0 0 0 
96.1337 2141.99 0 0 0 0 0 
96.2338 153 0 0 0 0 0 
96.3537 126 0 0 0 0 0 
96.4537 153 0 0 0 0 0 
96.5537 153 0 0 0 0 0 
96.6737 153 0 0 0 0 0 
96.7937 153 0 0 0 0 0 
96.8937 142.8 0 0 0 0 0 
96.9937 142.8 0 0 0 0 0 
97.1137 153 0 0 0 0 0 
97.2137 142.8 0 0 0 0 0 
97.3337 153 0 0 0 0 0 
97.4537 2141.99 0 0 0 0 0 
97.5537 142.8 0 0 0 0 0 
97.6542 153 0 0 0 0 0 
97.7737 153 0 0 0 0 0 
97.8937 356.999 0 0 0 0 0 
98.0137 0 0 0 0 0 0 
98.1337 164.769 0 0 0 0 0 
98.2342 142.8 0 0 0 0 0 
98.3537 126 0 0 0 0 0 
98.4537 133.875 0 0 0 0 0 
98.5737 153 0 0 0 0 0 
98.6738 107.1 0 0 0 0 0 
98.7938 142.8 0 0 0 0 0 
98.9182 142.8 0 0 0 0 0 
99.0337 0 0 0 0 0 0 
99.1337 153 0 0 0 0 0 
99.2337 153 0 0 0 0 0 
99.3337 142.8 0 0 0 0 0 
99.4354 142.8 0 0 0 0 0 
99.5537 142.8 0 0 0 0 0 
99.6537 133.875 0 0 0 0 0 
99.7756 142.8 0 0 0 0 0 
99.8937 142.8 0 0 0 0 0 
100.014 142.8 0 0 0 0 0 
100.114 142.8 0 0 0 0 0 
100.214 133.875 0 0 0 0 0 
100.314 133.875 0 0 0 0 0 
100.434 2141.99 0 0 0 0 0 
100.534 133.875 0 0 0 0 0 
100.654 142.8 0 0 0 0 0 
100.754 535.499 0 0 0 0 0 
100.874 2141.99 0 0 0 0 0 
100.974 133.875 0 0 0 0 0 
101.094 0 0 0 0 0 0 
101.214 133.875 0 0 0 0 0 
101.314 0 0 0 0 0 0 
101.414 0 0 0 0 0 0 
101.534 428.399 0 0 0 0 0 
101.654 142.8 0 0 0 0 0 
101.754 153 0 0 0 0 0 
101.874 0 0 0 0 0 0 
101.994 0 0 0 0 0 0 
102.094 2141.99 0 0 0 0 0 
102.214 133.875 0 0 0 0 0 
102.334 153 0 0 0 0 0 
102.434 133.875 0 0 0 0 0 
102.554 133.875 0 0 0 0 0 
102.654 153 0 0 0 0 0 
102.754 178.5 0 0 0 0 0 
102.874 142.8 0 0 0 0 0 
102.974 142.8 0 0 0 0 0 
103.094 142.8 0 0 0 0 0 
103.194 142.8 0 0 0 0 0 
103.314 153 0 0 0 0 0 
103.414 133.875 0 0 0 0 0 
103.534 133.875 0 0 0 0 0 
103.654 142.8 0 0 0 0 0 
103.754 133.875 0 0 0 0 0 
103.874 153 0 0 0 0 0 
103.994 142.8 0 0 0 0 0 
104.094 133.875 0 0 0 0 0 
104.214 142.8 0 0 0 0 0 
104.334 142.8 0 0 0 0 0 
104.454 142.8 0 0 0 0 0 
104.554 133.875 0 0 0 0 0 
104.674 164.769 0 0 0 0 0 
104.794 153 0 0 0 0 0 
104.914 153 0 0 0 0 0 
105.014 142.8 0 0 0 0 0 
105.134 142.8 0 0 0 0 0 
105.254 142.8 0 0 0 0 0 
105.354 153 0 0 0 0 0 
105.474 0 0 0 0 0 0 
105.594 142.8 0 0 0 0 0 
105.714 126 0 0 0 0 0 
105.834 142.8 0 0 0 0 0 
105.954 153 0 0 0 0 0 
106.054 0 0 0 0 0 0 
106.154 153 0 0 0 0 0 
106.254 153 0 0 0 0 0 
106.374 126 0 0 0 0 0 
106.474 153 0 0 0 0 0 
106.594 428.399 0 0 0 0 0 
106.714 153 0 0 0 0 0 
106.834 2141.99 0 0 0 0 0 
106.934 142.8 0 0 0 0 0 
107.054 0 0 0 0 0 0 
107.174 142.8 0 0 0 0 0 
107.274 153 0 0 0 0 0 
107.394 142.8 0 0 0 0 0 
107.494 0 0 0 0 0 0 
107.614 153 0 0 0 0 0 
107.734 133.875 0 0 0 0 0 
107.834 142.8 0 0 0 0 0 
107.954 142.8 0 0 0 0 0 
108.054 153 0 0 0 0 0 
108.154 153 0 0 0 0 0 
108.274 153 0 0 0 0 0 
108.394 126 0 0 0 0 0 
108.494 142.8 0 0 0 0 0 
108.614 142.8 0 0 0 0 0 
108.734 153 0 0 0 0 0 
108.834 2141.99 0 0 0 0 0 
108.954 153 0 0 0 0 0 
109.076 133.875 0 0 0 0 0 
109.194 142.8 0 0 0 0 0 
109.294 142.8 0 0 0 0 0 
109.414 0 0 0 0 0 0 
109.514 0 0 0 0 0 0 
109.614 0 0 0 0 0 0 
109.734 133.875 0 0 0 0 0 
109.854 142.8 0 0 0 0 0 
109.954 119 0 0 0 0 0 
110.074 713.998 0 0 0 0 0 
110.174 0 0 0 0 0 0 
110.274 142.8 0 0 0 0 0 
110.394 126 0 0 0 0 0 
110.494 142.8 0 0 0 0 0 
110.594 153 0 0 0 0 0 
110.714 153 0 0 0 0 0 
110.814 0 0 0 0 0 0 
110.934 153 0 0 0 0 0 
111.034 0 0 0 0 0 0 
111.134 305.999 0 0 0 0 0 
111.254 142.8 0 0 0 0 0 
111.354 153 0 0 0 0 0 
111.474 153 0 0 0 0 0 
111.594 142.8 0 0 0 0 0 
111.714 142.8 0 0 0 0 0 
111.834 142.8 0 0 0 0 0 
111.954 0 0 0 0 0 0 
112.054 133.875 0 0 0 0 0 
112.174 0 0 0 0 0 0 
112.294 0 0 0 0 0 0 
112.414 153 0 0 0 0 0 
112.514 267.749 0 0 0 0 0 
112.634 2141.99 0 0 0 0 0 
112.754 0 0 0 0 0 0 
112.874 142.8 0 0 0 0 0 
112.974 142.8 0 0 0 0 0 
113.094 142.8 0 0 0 0 0 
113.214 142.8 0 0 0 0 0 
113.334 153 0 0 0 0 0 
113.434 2141.99 0 0 0 0 0 
113.554 142.8 0 0 0 0 0 
113.674 178.5 0 0 0 0 0 
113.774 142.8 0 0 0 0 0 
113.894 133.875 0 0 0 0 0 
113.994 164.769 0 0 0 0 0 
114.114 133.875 0 0 0 0 0 
114.234 142.8 0 0 0 0 0 
114.354 142.8 0 0 0 0 0 
114.474 133.875 0 0 0 0 0 
114.574 142.8 0 0 0 0 0 
114.694 153 0 0 0 0 0 
114.814 142.8 0 0 0 0 0 
114.914 133.875 0 0 0 0 0 
115.014 133.875 0 0 0 0 0 
115.134 142.8 0 0 0 0 0 
115.254 153 0 0 0 0 0 
115.354 142.8 0 0 0 0 0 
115.474 1071 0 0 0 0 0 
115.594 126 0 0 0 0 0 
115.714 142.8 0 0 0 0 0 
115.834 133.875 0 0 0 0 0 
115.954 0 0 0 0 0 0 
116.074 142.8 0 0 0 0 0 
116.174 142.8 0 0 0 0 0 
116.294 142.8 0 0 0 0 0 
116.414 133.875 0 0 0 0 0 
116.534 142.8 0 0 0 0 0 
116.634 153 0 0 0 0 0 
116.754 0 0 0 0 0 0 
116.874 142.8 0 0 0 0 0 
116.994 153 0 0 0 0 0 
117.094 142.8 0 0 0 0 0 
117.214 142.8 0 0 0 0 0 
117.314 142.8 0 0 0 0 0 
117.434 0 0 0 0 0 0 
117.534 126 0 0 0 0 0 
117.654 153 0 0 0 0 0 
117.754 142.8 0 0 0 0 0 
117.854 97.3634 0 0 0 0 0 
117.974 39.6666 0 0 0 0 0 
118.074 39.6666 0 0 0 0 0 
118.174 39.6666 0 0 0 0 0 
118.294 39.6666 0 0 0 0 0 
118.414 39.6666 0 0 0 0 0 
118.534 0 0 0 0 0 0 
118.634 0 0 0 0 0 0 
118.758 0 0 0 0 0 0 
118.874 0 0 0 0 0 0 
118.974 0 0 0 0 0 0 
119.094 0 0 0 0 0 0 
119.194 0 0 0 0 0 0 
119.314 0 0 0 0 0 0 
119.414 0 0 0 0 0 0 
119.534 0 0 0 0 0 0 
119.654 0 0 0 0 0 0 
119.774 0 0 0 0 0 0 
119.894 0 0 0 0 0 0 
119.995 0 0 0 0 0 0 
120.095 0 0 0 0 0 0 
120.214 0 0 0 0 0 0 
120.334 0 0 0 0 0 0 
120.454 0 0 0 0 0 0 
120.554 0 0 0 0 0 0 
120.674 0 0 0 0 0 0 
120.774 0 0 0 0 0 0 
120.894 0 0 0 0 0 0 
120.994 0 0 0 0 0 0 
121.094 0 0 0 0 0 0 
121.214 0 0 0 0 0 0 
121.314 0 0 0 0 0 0 
121.414 0 0 0 0 0 0 
121.534 0 0 0 0 0 0 
121.654 0 0 0 0 0 0 
121.774 0 0 0 0 0 0 
121.894 0 0 0 0 0 0 
122.014 0 0 0 0 0 0 
122.134 0 0 0 0 0 0 
122.234 0 0 0 0 0 0 
122.354 0 0 0 0 0 0 
122.474 0 0 0 0 0 0 
122.594 0 0 0 0 0 0 
122.694 0 0 0 0 0 0 
122.814 0 0 0 0 0 0 
122.934 0 0 0 0 0 0 
123.054 0 0 0 0 0 0 
123.154 0 0 0 0 0 0 
123.274 0 0 0 0 0 0 
123.374 0 0 0 0 0 0 
123.494 0 0 0 0 0 0 
123.594 0 0 0 0 0 0 
123.696 0 0 0 0 0 0 
123.814 0 0 0 0 0 0 
123.934 0 0 0 0 0 0 
124.054 0 0 0 0 0 0 
124.154 0 0 0 0 0 0 
124.254 0 0 0 0 0 0 
124.354 0 0 0 0 0 0 
124.454 0 0 0 0 0 0 
124.574 0 0 0 0 0 0 
124.694 0 0 0 0 0 0 
124.814 0 0 0 0 0 0 
124.934 0 0 0 0 0 0 
125.054 0 0 0 0 0 0 
125.154 0 0 0 0 0 0 
125.274 0 0 0 0 0 0 
125.394 0 0 0 0 0 0 
125.494 0 0 0 0 0 0 
125.594 0 0 0 0 0 0 
125.714 0 0 0 0 0 0 
125.834 0 0 0 0 0 0 
125.954 0 0 0 0 0 0 
126.074 0 0 0 0 0 0 
126.194 0 0 0 0 0 0 
126.294 0 0 0 0 0 0 
126.414 0 0 0 0 0 0 
126.514 0 0 0 0 0 0 
126.634 0 0 0 0 0 0 
126.734 0 0 0 0 0 0 
126.834 0 0 0 0 0 0 
126.954 0 0 0 0 0 0 
127.074 0 0 0 0 0 0 
127.194 0 0 0 0 0 0 
127.314 0 0 0 0 0 0 
127.434 0 0 0 0 0 0 
127.534 0 0 0 0 0 0 
127.634 0 0 0 0 0 0 
127.754 0 0 0 0 0 0 
127.874 0 0 0 0 0 0 
127.974 0 0 0 0 0 0 
128.074 0 0 0 0 0 0 
128.194 0 0 0 0 0 0 
128.294 0 0 0 0 0 0 
128.414 0 0 0 0 0 0 
128.514 0 0 0 0 0 0 
128.634 0 0 0 0 0 0 
128.734 0 0 0 0 0 0 
128.834 0 0 0 0 0 0 
128.954 0 0 0 0 0 0 
129.074 0 0 0 0 0 0 
129.174 0 0 0 0 0 0 
129.279 0 0 0 0 0 0 
129.394 0 0 0 0 0 0 
129.514 0 0 0 0 0 0 
129.618 0 0 0 0 0 0 
129.734 0 0 0 0 0 0 
129.834 0 0 0 0 0 0 
129.954 0 0 0 0 0 0 
130.074 0 0 0 0 0 0 
130.174 0 0 0 0 0 0 
130.294 0 0 0 0 0 0 
130.414 0 0 0 0 0 0 
130.514 0 0 0 0 0 0 
130.616 0 0 0 0 0 0 
130.734 0 0 0 0 0 0 
130.834 0 0 0 0 0 0 
130.954 0 0 0 0 0 0 
131.074 0 0 0 0 0 0 
131.174 0 0 0 0 0 0 
131.274 0 0 0 0 0 0 
131.394 0 0 0 0 0 0 
131.494 0 0 0 0 0 0 
131.594 0 0 0 0 0 0 
131.714 0 0 0 0 0 0 
131.834 0 0 0 0 0 0 
131.954 0 0 0 0 0 0 
132.054 0 0 0 0 0 0 
132.174 0 0 0 0 0 0 
132.274 0 0 0 0 0 0 
132.394 0 0 0 0 0 0 
132.494 0 0 0 0 0 0 
132.614 0 0 0 0 0 0 
132.714 0 0 0 0 0 0 
132.834 0 0 0 0 0 0 
132.954 0 0 0 0 0 0 
133.054 0 0 0 0 0 0 
133.174 0 0 0 0 0 0 
133.274 0 0 0 0 0 0 
133.394 0 0 0 0 0 0 
133.494 0 0 0 0 0 0 
133.614 0 0 0 0 0 0 
133.714 0 0 0 0 0 0 
133.834 0 0 0 0 0 0 
133.934 0 0 0 0 0 0 
134.054 0 0 0 0 0 0 
134.174 0 0 0 0 0 0 
134.274 0 0 0 0 0 0 
134.394 0 0 0 0 0 0 
134.494 0 0 0 0 0 0 
134.594 0 0 0 0 0 0 
134.714 0 0 0 0 0 0 
134.834 0 0 0 0 0 0 
134.934 0 0 0 0 0 0 
135.054 0 0 0 0 0 0 
135.154 0 0 0 0 0 0 
135.254 0 0 0 0 0 0 
135.356 0 0 0 0 0 0 
135.474 0 0 0 0 0 0 
135.574 0 0 0 0 0 0 
135.694 0 0 0 0 0 0 
135.814 0 0 0 0 0 0 
135.914 0 0 0 0 0 0 
136.014 0 0 0 0 0 0 
136.134 0 0 0 0 0 0 
136.234 0 0 0 0 0 0 
136.354 0 0 0 0 0 0 
136.474 0 0 0 0 0 0 
136.594 0 0 0 0 0 0 
136.694 0 0 0 0 0 0 
136.814 0 0 0 0 0 0 
136.914 0 0 0 0 0 0 
137.014 0 0 0 0 0 0 
137.134 0 0 0 0 0 0 
137.254 0 0 0 0 0 0 
137.354 0 0 0 0 0 0 
137.454 0 0 0 0 0 0 
137.554 0 0 0 0 0 0 
137.654 0 0 0 0 0 0 
137.774 0 0 0 0 0 0 
137.894 0 0 0 0 0 0 
138.014 0 0 0 0 0 0 
138.134 0 0 0 0 0 0 
138.254 0 0 0 0 0 0 
138.374 0 0 0 0 0 0 
138.474 0 0 0 0 0 0 
138.574 0 0 0 0 0 0 
138.694 0 0 0 0 0 0 
138.814 0 0 0 0 0 0 
138.934 0 0 0 0 0 0 
139.036 0 0 0 0 0 0 
139.154 0 0 0 0 0 0 
139.274 0 0 0 0 0 0 
139.374 0 0 0 0 0 0 
139.494 0 0 0 0 0 0 
139.594 0 0 0 0 0 0 
139.714 0 0 0 0 0 0 
139.814 0 0 0 0 0 0 
139.914 0 0 0 0 0 0 
140.034 0 0 0 0 0 0 
140.134 0 0 0 0 0 0 
140.254 0 0 0 0 0 0 
140.354 0 0 0 0 0 0 
140.474 0 0 0 0 0 0 
140.594 0 0 0 0 0 0 
140.714 0 0 0 0 0 0 
140.834 0 0 0 0 0 0 
140.934 0 0 0 0 0 0 
141.055 0 0 0 0 0 0 
141.174 0 0 0 0 0 0 
141.294 0 0 0 0 0 0 
141.394 0 0 0 0 0 0 
141.514 0 0 0 0 0 0 
141.614 0 0 0 0 0 0 
141.714 0 0 0 0 0 0 
141.834 0 0 0 0 0 0 
141.954 0 0 0 0 0 0 
142.074 0 0 0 0 0 0 
142.194 0 0 0 0 0 0 
142.314 0 0 0 0 0 0 
142.414 0 0 0 0 0 0 
142.534 0 0 0 0 0 0 
142.654 0 0 0 0 0 0 
142.776 0 0 0 0 0 0 
142.894 0 0 0 0 0 0 
142.994 0 0 0 0 0 0 
143.094 0 0 0 0 0 0 
143.214 0 0 0 0 0 0 
143.314 0 0 0 0 0 0 
143.434 0 0 0 0 0 0 
143.534 0 0 0 0 0 0 
143.654 0 0 0 0 0 0 
143.774 0 0 0 0 0 0 
143.874 0 0 0 0 0 0 
143.994 0 0 0 0 0 0 
144.114 0 0 0 0 0 0 
144.234 0 0 0 0 0 0 
144.354 0 0 0 0 0 0 
144.474 0 0 0 0 0 0 
144.574 0 0 0 0 0 0 
144.674 0 0 0 0 0 0 
144.794 0 0 0 0 0 0 
144.914 0 0 0 0 0 0 
145.014 0 0 0 0 0 0 
145.114 0 0 0 0 0 0 
145.234 0 0 0 0 0 0 
145.334 0 0 0 0 0 0 
145.454 0 0 0 0 0 0 
145.574 0 0 0 0 0 0 
145.694 0 0 0 0 0 0 
145.794 0 0 0 0 0 0 
145.894 0 0 0 0 0 0 
145.994 0 0 0 0 0 0 
146.114 0 0 0 0 0 0 
146.234 0 0 0 0 0 0 
146.334 0 0 0 0 0 0 
146.434 0 0 0 0 0 0 
146.534 0 0 0 0 0 0 
146.654 0 0 0 0 0 0 
146.774 0 0 0 0 0 0 
146.874 0 0 0 0 0 0 
146.994 0 0 0 0 0 0 
147.095 0 0 0 0 0 0 
147.214 0 0 0 0 0 0 
147.334 0 0 0 0 0 0 
147.454 0 0 0 0 0 0 
147.554 0 0 0 0 0 0 
147.654 0 0 0 0 0 0 
147.774 0 0 0 0 0 0 
147.894 0 0 0 0 0 0 
147.994 0 0 0 0 0 0 
148.114 0 0 0 0 0 0 
148.234 0 0 0 0 0 0 
148.334 0 0 0 0 0 0 
148.434 0 0 0 0 0 0 
148.554 0 0 0 0 0 0 
148.674 0 0 0 0 0 0 
148.794 0 0 0 0 0 0 
148.894 0 0 0 0 0 0 
149.014 0 0 0 0 0 0 
149.134 0 0 0 0 0 0 
149.234 0 0 0 0 0 0 
149.354 0 0 0 0 0 0 
149.454 0 0 0 0 0 0 
149.574 0 0 0 0 0 0 
149.695 0 0 0 0 0 0 
149.814 0 0 0 0 0 0 
149.914 0 0 0 0 0 0 
150.034 0 0 0 0 0 0 
150.154 0 0 0 0 0 0 
150.274 0 0 0 0 0 0 
150.394 0 0 0 0 0 0 
150.514 0 0 0 0 0 0 
150.614 0 0 0 0 0 0 
150.718 0 0 0 0 0 0 
150.834 0 0 0 0 0 0 
150.934 0 0 0 0 0 0 
151.034 0 0 0 0 0 0 
151.134 0 0 0 0 0 0 
151.254 0 0 0 0 0 0 
151.374 0 0 0 0 0 0 
151.494 0 0 0 0 0 0 
151.614 0 0 0 0 0 0 
151.734 0 0 0 0 0 0 
151.854 0 0 0 0 0 0 
151.974 0 0 0 0 0 0 
152.074 0 0 0 0 0 0 
152.194 0 0 0 0 0 0 
152.294 0 0 0 0 0 0 
152.414 0 0 0 0 0 0 
152.514 0 0 0 0 0 0 
152.634 0 0 0 0 0 0 
152.735 0 0 0 0 0 0 
152.854 0 0 0 0 0 0 
152.954 0 0 0 0 0 0 
153.054 0 0 0 0 0 0 
153.174 0 0 0 0 0 0 
153.274 0 0 0 0 0 0 
153.374 0 0 0 0 0 0 
153.494 0 0 0 0 0 0 
153.614 0 0 0 0 0 0 
153.714 0 0 0 0 0 0 
153.834 0 0 0 0 0 0 
153.934 0 0 0 0 0 0 
154.059 0 0 0 0 0 0 
154.174 0 0 0 0 0 0 
154.294 0 0 0 0 0 0 
154.414 0 0 0 0 0 0 
154.534 0 0 0 0 0 0 
154.634 0 0 0 0 0 0 
154.754 0 0 0 0 0 0 
154.854 0 0 0 0 0 0 
154.954 0 0 0 0 0 0 
155.078 0 0 0 0 0 0 
155.194 0 0 0 0 0 0 
155.294 0 0 0 0 0 0 
155.414 0 0 0 0 0 0 
155.514 0 0 0 0 0 0 
155.614 0 0 0 0 0 0 
155.734 0 0 0 0 0 0 
155.854 0 0 0 0 0 0 
155.974 0 0 0 0 0 0 
156.094 0 0 0 0 0 0 
156.214 0 0 0 0 0 0 
156.334 0 0 0 0 0 0 
156.434 0 0 0 0 0 0 
156.554 0 0 0 0 0 0 
156.674 0 0 0 0 0 0 
156.774 0 0 0 0 0 0 
156.894 0 0 0 0 0 0 
156.994 0 0 0 0 0 0 
157.114 0 0 0 0 0 0 
157.234 0 0 0 0 0 0 
157.354 0 0 0 0 0 0 
157.454 0 0 0 0 0 0 
157.574 0 0 0 0 0 0 
157.674 0 0 0 0 0 0 
157.794 0 0 0 0 0 0 
157.895 0 0 0 0 0 0 
158.014 0 0 0 0 0 0 
158.134 0 0 0 0 0 0 
158.234 0 0 0 0 0 0 
158.334 0 0 0 0 0 0 
158.454 0 0 0 0 0 0 
158.574 0 0 0 0 0 0 
158.694 0 0 0 0 0 0 
158.814 0 0 0 0 0 0 
158.914 0 0 0 0 0 0 
159.034 0 0 0 0 0 0 
159.154 0 0 0 0 0 0 
159.256 0 0 0 0 0 0 
159.374 0 0 0 0 0 0 
159.474 0 0 0 0 0 0 
159.574 0 0 0 0 0 0 
159.674 0 0 0 0 0 0 
159.794 0 0 0 0 0 0 
159.894 0 0 0 0 0 0 
160.014 0 0 0 0 0 0 
160.115 0 0 0 0 0 0 
160.234 0 0 0 0 0 0 
160.354 0 0 0 0 0 0 
160.454 0 0 0 0 0 0 
160.574 0 0 0 0 0 0 
160.694 0 0 0 0 0 0 
160.814 0 0 0 0 0 0 
160.914 0 0 0 0 0 0 
161.014 0 0 0 0 0 0 
161.134 0 0 0 0 0 0 
161.254 0 0 0 0 0 0 
161.374 0 0 0 0 0 0 
161.474 0 0 0 0 0 0 
161.594 0 0 0 0 0 0 
161.714 0 0 0 0 0 0 
161.834 0 0 0 0 0 0 
161.954 0 0 0 0 0 0 
162.054 0 0 0 0 0 0 
162.174 0 0 0 0 0 0 
162.294 0 0 0 0 0 0 
162.394 0 0 0 0 0 0 
162.514 0 0 0 0 0 0 
162.634 0 0 0 0 0 0 
162.734 0 0 0 0 0 0 
162.834 0 0 0 0 0 0 
162.954 0 0 0 0 0 0 
163.054 0 0 0 0 0 0 
163.154 0 0 0 0 0 0 
163.255 0 0 0 0 0 0 
163.374 0 0 0 0 0 0 
163.494 0 0 0 0 0 0 
163.594 0 0 0 0 0 0 
163.714 0 0 0 0 0 0 
163.834 0 0 0 0 0 0 
163.954 0 0 0 0 0 0 
164.074 0 0 0 0 0 0 
164.194 0 0 0 0 0 0 
164.314 0 0 0 0 0 0 
164.434 0 0 0 0 0 0 
164.554 0 0 0 0 0 0 
164.674 0 0 0 0 0 0 
164.774 0 0 0 0 0 0 
164.894 0 0 0 0 0 0 
165.014 0 0 0 0 0 0 
165.114 0 0 0 0 0 0 
165.234 0 0 0 0 0 0 
165.354 0 0 0 0 0 0 
165.474 0 0 0 0 0 0 
165.574 0 0 0 0 0 0 
165.674 0 0 0 0 0 0 
165.794 0 0 0 0 0 0 
165.894 0 0 0 0 0 0 
166.014 0 0 0 0 0 0 
166.114 0 0 0 0 0 0 
166.234 0 0 0 0 0 0 
166.334 0 0 0 0 0 0 
166.454 0 0 0 0 0 0 
166.574 0 0 0 0 0 0 
166.674 0 0 0 0 0 0 
166.794 0 0 0 0 0 0 
166.894 0 0 0 0 0 0 
166.994 0 0 0 0 0 0 
167.114 0 0 0 0 0 0 
167.234 0 0 0 0 0 0 
167.334 0 0 0 0 0 0 
167.454 0 0 0 0 0 0 
167.574 0 0 0 0 0 0 
167.674 0 0 0 0 0 0 
167.794 0 0 0 0 0 0 
167.894 0 0 0 0 0 0 
168.014 0 0 0 0 0 0 
168.114 0 0 0 0 0 0 
168.215 0 0 0 0 0 0 
168.334 0 0 0 0 0 0 
168.434 0 0 0 0 0 0 
168.554 0 0 0 0 0 0 
168.654 0 0 0 0 0 0 
168.774 0 0 0 0 0 0 
168.894 0 0 0 0 0 0 
168.994 0 0 0 0 0 0 
169.094 0 0 0 0 0 0 
169.214 0 0 0 0 0 0 
169.334 0 0 0 0 0 0 
169.434 0 0 0 0 0 0 
169.534 0 0 0 0 0 0 
169.656 0 0 0 0 0 0 
169.774 0 0 0 0 0 0 
169.874 0 0 0 0 0 0 
169.994 0 0 0 0 0 0 
170.114 0 0 0 0 0 0 
170.214 0 0 0 0 0 0 
170.334 0 0 0 0 0 0 
170.454 0 0 0 0 0 0 
170.554 0 0 0 0 0 0 
170.654 0 0 0 0 0 0 
170.754 0 0 0 0 0 0 
170.854 0 0 0 0 0 0 
170.974 0 0 0 0 0 0 
171.094 0 0 0 0 0 0 
171.194 0 0 0 0 0 0 
171.314 0 0 0 0 0 0 
171.414 0 0 0 0 0 0 
171.514 0 0 0 0 0 0 
171.634 0 0 0 0 0 0 
171.734 0 0 0 0 0 0 
171.854 0 0 0 0 0 0 
171.954 0 0 0 0 0 0 
172.054 0 0 0 0 0 0 
172.174 0 0 0 0 0 0 
172.294 0 0 0 0 0 0 
172.414 0 0 0 0 0 0 
172.534 0 0 0 0 0 0 
172.654 0 0 0 0 0 0 
172.754 0 0 0 0 0 0 
172.874 0 0 0 0 0 0 
172.994 0 0 0 0 0 0 
173.114 0 0 0 0 0 0 
173.214 0 0 0 0 0 0 
173.334 0 0 0 0 0 0 
173.434 0 0 0 0 0 0 
173.554 0 0 0 0 0 0 
173.654 0 0 0 0 0 0 
173.774 0 0 0 0 0 0 
173.894 0 0 0 0 0 0 
173.994 0 0 0 0 0 0 
174.094 0 0 0 0 0 0 
174.194 0 0 0 0 0 0 
174.314 0 0 0 0 0 0 
174.434 0 0 0 0 0 0 
174.554 0 0 0 0 0 0 
174.654 0 0 0 0 0 0 
174.774 0 0 0 0 0 0 
174.894 0 0 0 0 0 0 
175.014 0 0 0 0 0 0 
175.134 0 0 0 0 0 0 
175.254 0 0 0 0 0 0 
175.374 0 0 0 0 0 0 
175.474 0 0 0 0 0 0 
175.574 0 0 0 0 0 0 
175.694 0 0 0 0 0 0 
175.794 0 0 0 0 0 0 
175.914 0 0 0 0 0 0 
176.014 0 0 0 0 0 0 
176.134 0 0 0 0 0 0 
176.254 0 0 0 0 0 0 
176.374 0 0 0 0 0 0 
176.474 0 0 0 0 0 0 
176.594 0 0 0 0 0 0 
176.714 0 0 0 0 0 0 
176.834 0 0 0 0 0 0 
176.934 0 0 0 0 0 0 
177.054 0 0 0 0 0 0 
177.174 0 0 0 0 0 0 
177.274 0 0 0 0 0 0 
177.394 0 0 0 0 0 0 
177.514 0 0 0 0 0 0 
177.634 0 0 0 0 0 0 
177.754 0 0 0 0 0 0 
177.854 0 0 0 0 0 0 
177.974 0 0 0 0 0 0 
178.094 0 0 0 0 0 0 
178.194 0 0 0 0 0 0 
178.314 0 0 0 0 0 0 
178.434 0 0 0 0 0 0 
178.554 0 0 0 0 0 0 
178.674 0 0 0 0 0 0 
178.774 0 0 0 0 0 0 
178.894 0 0 0 0 0 0 
179.014 0 0 0 0 0 0 
179.114 0 0 0 0 0 0 
179.234 0 0 0 0 0 0 
179.334 0 0 0 0 0 0 
179.454 0 0 0 0 0 0 
179.574 0 0 0 0 0 0 
179.674 0 0 0 0 0 0 
179.794 0 0 0 0 0 0 
179.914 0 0 0 0 0 0 
180.034 0 0 0 0 0 0 
180.154 0 0 0 0 0 0 
180.254 0 0 0 0 0 0 
180.354 0 0 0 0 0 0 
180.457 0 0 0 0 0 0 
180.574 0 0 0 0 0 0 
180.694 0 0 0 0 0 0 
180.814 0 0 0 0 0 0 
180.934 0 0 0 0 0 0 
181.054 0 0 0 0 0 0 
181.154 0 0 0 0 0 0 
181.254 0 0 0 0 0 0 
181.374 0 0 0 0 0 0 
181.474 0 0 0 0 0 0 
181.594 0 0 0 0 0 0 
181.714 0 0 0 0 0 0 
181.814 0 0 0 0 0 0 
181.934 0 0 0 0 0 0 
182.054 0 0 0 0 0 0 
182.154 0 0 0 0 0 0 
182.274 0 0 0 0 0 0 
182.374 0 0 0 0 0 0 
182.474 0 0 0 0 0 0 
182.594 0 0 0 0 0 0 
182.694 0 0 0 0 0 0 
182.814 0 0 0 0 0 0 
182.914 0 0 0 0 0 0 
183.034 0 0 0 0 0 0 
183.154 0 0 0 0 0 0 
183.274 0 0 0 0 0 0 
183.374 0 0 0 0 0 0 
183.494 0 0 0 0 0 0 
183.614 0 0 0 0 0 0 
183.716 0 0 0 0 0 0 
183.834 0 0 0 0 0 0 
183.955 0 0 0 0 0 0 
184.074 0 0 0 0 0 0 
184.194 0 0 0 0 0 0 
184.294 0 0 0 0 0 0 
184.394 0 0 0 0 0 0 
184.514 0 0 0 0 0 0 
184.634 0 0 0 0 0 0 
184.754 0 0 0 0 0 0 
184.874 0 0 0 0 0 0 
184.994 0 0 0 0 0 0 
185.114 0 0 0 0 0 0 
185.234 0 0 0 0 0 0 
185.354 0 0 0 0 0 0 
185.454 0 0 0 0 0 0 
185.574 0 0 0 0 0 0 
185.694 0 0 0 0 0 0 
185.814 0 0 0 0 0 0 
185.934 0 0 0 0 0 0 
186.034 0 0 0 0 0 0 
186.154 0 0 0 0 0 0 
186.274 0 0 0 0 0 0 
186.374 0 0 0 0 0 0 
186.474 0 0 0 0 0 0 
186.594 0 0 0 0 0 0 
186.694 0 0 0 0 0 0 
186.814 0 0 0 0 0 0 
186.914 0 0 0 0 0 0 
187.014 0 0 0 0 0 0 
187.134 0 0 0 0 0 0 
187.254 0 0 0 0 0 0 
187.374 0 0 0 0 0 0 
187.474 0 0 0 0 0 0 
187.574 0 0 0 0 0 0 
187.694 0 0 0 0 0 0 
187.794 0 0 0 0 0 0 
187.914 0 0 0 0 0 0 
188.034 0 0 0 0 0 0 
188.154 0 0 0 0 0 0 
188.275 0 0 0 0 0 0 
188.394 0 0 0 0 0 0 
188.514 0 0 0 0 0 0 
188.614 0 0 0 0 0 0 
188.734 0 0 0 0 0 0 
188.854 0 0 0 0 0 0 
188.974 0 0 0 0 0 0 
189.094 0 0 0 0 0 0 
189.214 0 0 0 0 0 0 
189.314 0 0 0 0 0 0 
189.434 0 0 0 0 0 0 
189.534 0 0 0 0 0 0 
189.634 0 0 0 0 0 0 
189.734 0 0 0 0 0 0 
189.854 0 0 0 0 0 0 
189.954 0 0 0 0 0 0 
190.074 0 0 0 0 0 0 
190.174 0 0 0 0 0 0 
190.294 0 0 0 0 0 0 
190.394 0 0 0 0 0 0 
190.514 0 0 0 0 0 0 
190.614 0 0 0 0 0 0 
190.734 0 0 0 0 0 0 
190.854 0 0 0 0 0 0 
190.954 0 0 0 0 0 0 
191.074 0 0 0 0 0 0 
191.174 0 0 0 0 0 0 
191.294 0 0 0 0 0 0 
191.394 0 0 0 0 0 0 
191.514 0 0 0 0 0 0 
191.634 0 0 0 0 0 0 
191.734 0 0 0 0 0 0 
191.854 0 0 0 0 0 0 
191.974 0 0 0 0 0 0 
192.074 0 0 0 0 0 0 
192.194 0 0 0 0 0 0 
192.294 0 0 0 0 0 0 
192.414 0 0 0 0 0 0 
192.514 0 0 0 0 0 0 
192.634 0 0 0 0 0 0 
192.735 0 0 0 0 0 0 
192.854 0 0 0 0 0 0 
192.974 0 0 0 0 0 0 
193.074 0 0 0 0 0 0 
193.174 0 0 0 0 0 0 
193.274 0 0 0 0 0 0 
193.374 0 0 0 0 0 0 
193.494 0 0 0 0 0 0 
193.614 0 0 0 0 0 0 
193.734 0 0 0 0 0 0 
193.854 0 0 0 0 0 0 
193.974 0 0 0 0 0 0 
194.074 0 0 0 0 0 0 
194.194 0 0 0 0 0 0 
194.294 0 0 0 0 0 0 
194.414 0 0 0 0 0 0 
194.534 0 0 0 0 0 0 
194.654 0 0 0 0 0 0 
194.754 0 0 0 0 0 0 
194.854 0 0 0 0 0 0 
194.974 0 0 0 0 0 0 
195.074 0 0 0 0 0 0 
195.194 0 0 0 0 0 0 
195.314 0 0 0 0 0 0 
195.434 0 0 0 0 0 0 
195.534 0 0 0 0 0 0 
195.654 0 0 0 0 0 0 
195.774 0 0 0 0 0 0 
195.874 0 0 0 0 0 0 
195.994 0 0 0 0 0 0 
196.114 0 0 0 0 0 0 
196.214 0 0 0 0 0 0 
196.314 0 0 0 0 0 0 
196.434 0 0 0 0 0 0 
196.554 0 0 0 0 0 0 
196.674 0 0 0 0 0 0 
196.774 0 0 0 0 0 0 
196.874 0 0 0 0 0 0 
196.994 0 0 0 0 0 0 
197.114 0 0 0 0 0 0 
197.214 0 0 0 0 0 0 
197.314 0 0 0 0 0 0 
197.434 0 0 0 0 0 0 
197.554 0 0 0 0 0 0 
197.674 0 0 0 0 0 0 
197.794 0 0 0 0 0 0 
197.914 0 0 0 0 0 0 
198.034 0 0 0 0 0 0 
198.154 0 0 0 0 0 0 
198.254 0 0 0 0 0 0 
198.374 0 0 0 0 0 0 
198.494 0 0 0 0 0 0 
198.594 0 0 0 0 0 0 
198.694 0 0 0 0 0 0 
198.814 0 0 0 0 0 0 
198.914 0 0 0 0 0 0 
199.014 0 0 0 0 0 0 
199.134 0 0 0 0 0 0 
199.254 0 0 0 0 0 0 
199.354 0 0 0 0 0 0 
199.474 0 0 0 0 0 0 
199.574 0 0 0 0 0 0 
199.694 0 0 0 0 0 0 
199.794 0 0 0 0 0 0 
199.914 0 0 0 0 0 0 
200.034 0 0 0 0 0 0 
200.134 0 0 0 0 0 0 
200.234 0 0 0 0 0 0 
200.354 0 0 0 0 0 0 
200.474 0 0 0 0 0 0 
200.594 0 0 0 0 0 0 
200.694 0 0 0 0 0 0 
200.814 0 0 0 0 0 0 
200.914 0 0 0 0 0 0 
201.034 0 0 0 0 0 0 
201.134 0 0 0 0 0 0 
201.234 0 0 0 0 0 0 
201.334 0 0 0 0 0 0 
201.454 0 0 0 0 0 0 
201.574 0 0 0 0 0 0 
201.674 0 0 0 0 0 0 
201.794 0 0 0 0 0 0 
201.914 0 0 0 0 0 0 
202.034 0 0 0 0 0 0 
202.134 0 0 0 0 0 0 
202.254 0 0 0 0 0 0 
202.377 0 0 0 0 0 0 
202.494 0 0 0 0 0 0 
202.594 0 0 0 0 0 0 
202.694 0 0 0 0 0 0 
202.814 0 0 0 0 0 0 
202.934 0 0 0 0 0 0 
203.034 0 0 0 0 0 0 
203.154 0 0 0 0 0 0 
203.254 0 0 0 0 0 0 
203.374 0 0 0 0 0 0 
203.474 0 0 0 0 0 0 
203.574 0 0 0 0 0 0 
203.675 0 0 0 0 0 0 
203.794 0 0 0 0 0 0 
203.894 0 0 0 0 0 0 
203.994 0 0 0 0 0 0 
204.114 0 0 0 0 0 0 
204.214 0 0 0 0 0 0 
204.314 0 0 0 0 0 0 
204.434 0 0 0 0 0 0 
204.554 0 0 0 0 0 0 
204.654 0 0 0 0 0 0 
204.76 0 0 0 0 0 0 
204.874 0 0 0 0 0 0 
204.974 0 0 0 0 0 0 
205.075 0 0 0 0 0 0 
205.194 0 0 0 0 0 0 
205.294 0 0 0 0 0 0 
205.414 0 0 0 0 0 0 
205.534 0 0 0 0 0 0 
205.634 0 0 0 0 0 0 
205.754 0 0 0 0 0 0 
205.854 0 0 0 0 0 0 
205.955 0 0 0 0 0 0 
206.074 0 0 0 0 0 0 
206.174 0 0 0 0 0 0 
206.294 0 0 0 0 0 0 
206.414 0 0 0 0 0 0 
206.514 0 0 0 0 0 0 
206.634 0 0 0 0 0 0 
206.756 0 0 0 0 0 0 
206.874 0 0 0 0 0 0 
206.994 0 0 0 0 0 0 
207.094 0 0 0 0 0 0 
207.214 0 0 0 0 0 0 
207.314 0 0 0 0 0 0 
207.434 0 0 0 0 0 0 
207.534 0 0 0 0 0 0 
207.634 0 0 0 0 0 0 
207.754 0 0 0 0 0 0 
207.874 0 0 0 0 0 0 
207.974 0 0 0 0 0 0 
208.094 0 0 0 0 0 0 
208.194 0 0 0 0 0 0 
208.314 0 0 0 0 0 0 
208.434 0 0 0 0 0 0 
208.554 0 0 0 0 0 0 
208.674 0 0 0 0 0 0 
208.787 0 0 0 0 0 0 
208.894 0 0 0 0 0 0 
209.014 0 0 0 0 0 0 
209.114 0 0 0 0 0 0 
209.234 0 0 0 0 0 0 
209.354 0 0 0 0 0 0 
209.454 0 0 0 0 0 0 
209.574 0 0 0 0 0 0 
209.674 0 0 0 0 0 0 
209.794 0 0 0 0 0 0 
209.914 0 0 0 0 0 0 
210.034 0 0 0 0 0 0 
210.134 0 0 0 0 0 0 
210.254 0 0 0 0 0 0 
210.374 0 0 0 0 0 0 
210.474 0 0 0 0 0 0 
210.594 0 0 0 0 0 0 
210.714 0 0 0 0 0 0 
210.835 0 0 0 0 0 0 
210.954 0 0 0 0 0 0 
211.054 0 0 0 0 0 0 
211.154 0 0 0 0 0 0 
211.274 0 0 0 0 0 0 
211.394 0 0 0 0 0 0 
211.494 0 0 0 0 0 0 
211.614 0 0 0 0 0 0 
211.714 0 0 0 0 0 0 
211.834 0 0 0 0 0 0 
211.954 0 0 0 0 0 0 
212.074 0 0 0 0 0 0 
212.174 0 0 0 0 0 0 
212.274 0 0 0 0 0 0 
212.374 0 0 0 0 0 0 
212.494 0 0 0 0 0 0 
212.614 0 0 0 0 0 0 
212.734 0 0 0 0 0 0 
212.854 0 0 0 0 0 0 
212.954 0 0 0 0 0 0 
213.054 0 0 0 0 0 0 
213.154 0 0 0 0 0 0 
213.274 0 0 0 0 0 0 
213.394 0 0 0 0 0 0 
213.514 0 0 0 0 0 0 
213.614 0 0 0 0 0 0 
213.734 0 0 0 0 0 0 
213.834 0 0 0 0 0 0 
213.934 0 0 0 0 0 0 
214.054 0 0 0 0 0 0 
214.154 0 0 0 0 0 0 
214.255 0 0 0 0 0 0 
214.374 0 0 0 0 0 0 
214.474 0 0 0 0 0 0 
214.594 0 0 0 0 0 0 
214.714 0 0 0 0 0 0 
214.814 0 0 0 0 0 0 
214.934 0 0 0 0 0 0 
215.034 0 0 0 0 0 0 
215.154 0 0 0 0 0 0 
215.254 0 0 0 0 0 0 
215.374 0 0 0 0 0 0 
215.494 0 0 0 0 0 0 
215.594 0 0 0 0 0 0 
215.714 0 0 0 0 0 0 
215.834 0 0 0 0 0 0 
215.934 0 0 0 0 0 0 
216.054 0 0 0 0 0 0 
216.174 0 0 0 0 0 0 
216.295 0 0 0 0 0 0 
216.414 0 0 0 0 0 0 
216.534 0 0 0 0 0 0 
216.654 0 0 0 0 0 0 
216.774 0 0 0 0 0 0 
216.874 0 0 0 0 0 0 
216.994 0 0 0 0 0 0 
217.114 0 0 0 0 0 0 
217.234 0 0 0 0 0 0 
217.355 0 0 0 0 0 0 
217.474 0 0 0 0 0 0 
217.574 0 0 0 0 0 0 
217.694 0 0 0 0 0 0 
217.794 0 0 0 0 0 0 
217.914 0 0 0 0 0 0 
218.034 0 0 0 0 0 0 
218.134 0 0 0 0 0 0 
218.254 0 0 0 0 0 0 
218.374 0 0 0 0 0 0 
218.474 0 0 0 0 0 0 
218.594 0 0 0 0 0 0 
218.694 0 0 0 0 0 0 
218.814 0 0 0 0 0 0 
218.914 0 0 0 0 0 0 
219.034 0 0 0 0 0 0 
219.134 0 0 0 0 0 0 
219.234 0 0 0 0 0 0 
219.354 0 0 0 0 0 0 
219.454 0 0 0 0 0 0 
219.557 0 0 0 0 0 0 
219.661 0 0 0 0 0 0 
219.774 0 0 0 0 0 0 
219.874 0 0 0 0 0 0 
219.975 0 0 0 0 0 0 
220.094 0 0 0 0 0 0 
220.194 0 0 0 0 0 0 
220.314 0 0 0 0 0 0 
220.415 0 0 0 0 0 0 
220.515 0 0 0 0 0 0 
220.634 0 0 0 0 0 0 
220.754 0 0 0 0 0 0 
220.874 0 0 0 0 0 0 
220.974 0 0 0 0 0 0 
221.074 0 0 0 0 0 0 
221.194 0 0 0 0 0 0 
221.314 0 0 0 0 0 0 
221.414 0 0 0 0 0 0 
221.514 0 0 0 0 0 0 
221.614 0 0 0 0 0 0 
221.734 0 0 0 0 0 0 
221.834 0 0 0 0 0 0 
221.954 0 0 0 0 0 0 
222.074 0 0 0 0 0 0 
222.174 0 0 0 0 0 0 
222.294 0 0 0 0 0 0 
222.394 0 0 0 0 0 0 
222.514 0 0 0 0 0 0 
222.634 0 0 0 0 0 0 
222.754 0 0 0 0 0 0 
222.874 0 0 0 0 0 0 
222.974 0 0 0 0 0 0 
223.094 0 0 0 0 0 0 
223.194 0 0 0 0 0 0 
223.314 0 0 0 0 0 0 
223.434 0 0 0 0 0 0 
223.534 0 0 0 0 0 0 
223.654 0 0 0 0 0 0 
223.754 0 0 0 0 0 0 
223.874 0 0 0 0 0 0 
223.974 0 0 0 0 0 0 
224.074 0 0 0 0 0 0 
224.194 0 0 0 0 0 0 
224.294 0 0 0 0 0 0 
224.414 0 0 0 0 0 0 
224.534 0 0 0 0 0 0 
224.654 0 0 0 0 0 0 
224.754 0 0 0 0 0 0 
224.854 0 0 0 0 0 0 
224.974 0 0 0 0 0 0 
225.074 0 0 0 0 0 0 
225.194 0 0 0 0 0 0 
225.314 0 0 0 0 0 0 
225.419 0 0 0 0 0 0 
225.534 0 0 0 0 0 0 
225.634 0 0 0 0 0 0 
225.754 0 0 0 0 0 0 
225.854 0 0 0 0 0 0 
225.954 0 0 0 0 0 0 
226.074 0 0 0 0 0 0 
226.174 0 0 0 0 0 0 
226.294 0 0 0 0 0 0 
226.414 0 0 0 0 0 0 
226.514 0 0 0 0 0 0 
226.634 0 0 0 0 0 0 
226.754 0 0 0 0 0 0 
226.874 0 0 0 0 0 0 
226.994 0 0 0 0 0 0 
227.114 0 0 0 0 0 0 
227.234 0 0 0 0 0 0 
227.334 0 0 0 0 0 0 
227.454 0 0 0 0 0 0 
227.574 0 0 0 0 0 0 
227.674 0 0 0 0 0 0 
227.774 0 0 0 0 0 0 
227.894 0 0 0 0 0 0 
228.014 0 0 0 0 0 0 
228.134 0 0 0 0 0 0 
228.234 0 0 0 0 0 0 
228.334 0 0 0 0 0 0 
228.454 0 0 0 0 0 0 
228.554 0 0 0 0 0 0 
228.674 0 0 0 0 0 0 
228.794 0 0 0 0 0 0 
228.894 0 0 0 0 0 0 
229.014 0 0 0 0 0 0 
229.134 0 0 0 0 0 0 
229.254 0 0 0 0 0 0 
229.374 0 0 0 0 0 0 
229.494 0 0 0 0 0 0 
229.594 0 0 0 0 0 0 
229.714 0 0 0 0 0 0 
229.814 0 0 0 0 0 0 
229.934 0 0 0 0 0 0 
230.054 0 0 0 0 0 0 
230.154 0 0 0 0 0 0 
230.274 0 0 0 0 0 0 
230.374 0 0 0 0 0 0 
230.494 0 0 0 0 0 0 
230.594 0 0 0 0 0 0 
230.694 0 0 0 0 0 0 
230.814 0 0 0 0 0 0 
230.914 0 0 0 0 0 0 
231.014 0 0 0 0 0 0 
231.114 0 0 0 0 0 0 
231.215 0 0 0 0 0 0 
231.334 0 0 0 0 0 0 
231.434 0 0 0 0 0 0 
231.554 0 0 0 0 0 0 
231.654 0 0 0 0 0 0 
231.774 0 0 0 0 0 0 
231.894 0 0 0 0 0 0 
232.014 0 0 0 0 0 0 
232.134 0 0 0 0 0 0 
232.234 0 0 0 0 0 0 
232.334 0 0 0 0 0 0 
232.454 0 0 0 0 0 0 
232.554 0 0 0 0 0 0 
232.674 0 0 0 0 0 0 
232.774 0 0 0 0 0 0 
232.894 0 0 0 0 0 0 
233.014 0 0 0 0 0 0 
233.134 0 0 0 0 0 0 
233.254 0 0 0 0 0 0 
233.374 0 0 0 0 0 0 
233.474 0 0 0 0 0 0 
233.574 0 0 0 0 0 0 
233.674 0 0 0 0 0 0 
233.794 0 0 0 0 0 0 
233.914 0 0 0 0 0 0 
234.034 0 0 0 0 0 0 
234.154 0 0 0 0 0 0 
234.254 0 0 0 0 0 0 
234.354 0 0 0 0 0 0 
234.474 0 0 0 0 0 0 
234.574 0 0 0 0 0 0 
234.674 0 0 0 0 0 0 
234.794 0 0 0 0 0 0 
234.914 0 0 0 0 0 0 
235.034 0 0 0 0 0 0 
235.134 0 0 0 0 0 0 
235.254 0 0 0 0 0 0 
235.374 0 0 0 0 0 0 
235.494 0 0 0 0 0 0 
235.594 0 0 0 0 0 0 
235.714 0 0 0 0 0 0 
235.836 0 0 0 0 0 0 
235.954 0 0 0 0 0 0 
236.054 0 0 0 0 0 0 
236.174 0 0 0 0 0 0 
236.274 0 0 0 0 0 0 
236.394 0 0 0 0 0 0 
236.494 0 0 0 0 0 0 
236.614 0 0 0 0 0 0 
236.734 0 0 0 0 0 0 
236.834 0 0 0 0 0 0 
236.954 0 0 0 0 0 0 
237.074 0 0 0 0 0 0 
237.194 0 0 0 0 0 0 
237.294 0 0 0 0 0 0 
237.417 0 0 0 0 0 0 
237.534 0 0 0 0 0 0 
237.654 0 0 0 0 0 0 
237.754 0 0 0 0 0 0 
237.874 0 0 0 0 0 0 
237.974 0 0 0 0 0 0 
238.094 0 0 0 0 0 0 
238.214 0 0 0 0 0 0 
238.334 0 0 0 0 0 0 
238.434 0 0 0 0 0 0 
238.554 0 0 0 0 0 0 
238.654 0 0 0 0 0 0 
238.774 0 0 0 0 0 0 
238.894 0 0 0 0 0 0 
238.994 0 0 0 0 0 0 
239.114 0 0 0 0 0 0 
239.214 0 0 0 0 0 0 
239.334 0 0 0 0 0 0 
239.454 0 0 0 0 0 0 
239.574 0 0 0 0 0 0 
239.694 0 0 0 0 0 0 
239.794 0 0 0 0 0 0 
239.894 0 0 0 0 0 0 
240.014 0 0 0 0 0 0 
240.114 0 0 0 0 0 0 
240.214 0 0 0 0 0 0 
240.334 0 0 0 0 0 0 
240.454 0 0 0 0 0 0 
240.554 0 0 0 0 0 0 
240.674 0 0 0 0 0 0 
240.774 0 0 0 0 0 0 
240.894 0 0 0 0 0 0 
240.994 0 0 0 0 0 0 
241.114 0 0 0 0 0 0 
241.234 0 0 0 0 0 0 
241.354 0 0 0 0 0 0 
241.479 0 0 0 0 0 0 
241.594 0 0 0 0 0 0 
241.694 0 0 0 0 0 0 
241.814 0 0 0 0 0 0 
241.934 0 0 0 0 0 0 
242.054 0 0 0 0 0 0 
242.154 0 0 0 0 0 0 
242.254 0 0 0 0 0 0 
242.374 0 0 0 0 0 0 
242.474 0 0 0 0 0 0 
242.574 0 0 0 0 0 0 
242.674 0 0 0 0 0 0 
242.774 0 0 0 0 0 0 
242.894 0 0 0 0 0 0 
242.994 0 0 0 0 0 0 
243.114 0 0 0 0 0 0 
243.234 0 0 0 0 0 0 
243.354 0 0 0 0 0 0 
243.475 0 0 0 0 0 0 
243.594 0 0 0 0 0 0 
243.694 0 0 0 0 0 0 
243.814 0 0 0 0 0 0 
243.934 0 0 0 0 0 0 
244.054 0 0 0 0 0 0 
244.174 0 0 0 0 0 0 
244.274 0 0 0 0 0 0 
244.374 0 0 0 0 0 0 
244.474 0 0 0 0 0 0 
244.574 0 0 0 0 0 0 
244.674 0 0 0 0 0 0 
244.794 0 0 0 0 0 0 
244.914 0 0 0 0 0 0 
245.014 0 0 0 0 0 0 
245.114 0 0 0 0 0 0 
245.234 0 0 0 0 0 0 
245.334 0 0 0 0 0 0 
245.434 0 0 0 0 0 0 
245.554 0 0 0 0 0 0 
245.674 0 0 0 0 0 0 
245.794 0 0 0 0 0 0 
245.894 0 0 0 0 0 0 
246.014 0 0 0 0 0 0 
246.114 0 0 0 0 0 0 
246.214 0 0 0 0 0 0 
246.334 0 0 0 0 0 0 
246.434 0 0 0 0 0 0 
246.554 0 0 0 0 0 0 
246.68 0 0 0 0 0 0 
246.794 0 0 0 0 0 0 
246.894 0 0 0 0 0 0 
247.014 0 0 0 0 0 0 
247.114 0 0 0 0 0 0 
247.234 0 0 0 0 0 0 
247.334 0 0 0 0 0 0 
247.454 0 0 0 0 0 0 
247.554 0 0 0 0 0 0 
247.654 0 0 0 0 0 0 
247.774 0 0 0 0 0 0 
247.874 0 0 0 0 0 0 
247.974 0 0 0 0 0 0 
248.074 0 0 0 0 0 0 
248.194 0 0 0 0 0 0 
248.294 0 0 0 0 0 0 
248.414 0 0 0 0 0 0 
248.514 0 0 0 0 0 0 
248.614 0 0 0 0 0 0 
248.734 0 0 0 0 0 0 
248.854 0 0 0 0 0 0 
248.974 0 0 0 0 0 0 
249.074 0 0 0 0 0 0 
249.174 0 0 0 0 0 0 
249.294 0 0 0 0 0 0 
249.394 0 0 0 0 0 0 
249.494 0 0 0 0 0 0 
249.594 0 0 0 0 0 0 
249.714 0 0 0 0 0 0 
249.834 0 0 0 0 0 0 
249.934 0 0 0 0 0 0 
250.034 0 0 0 0 0 0 
250.134 0 0 0 0 0 0 
250.254 0 0 0 0 0 0 
250.374 0 0 0 0 0 0 
250.494 0 0 0 0 0 0 
250.594 0 0 0 0 0 0 
250.694 0 0 0 0 0 0 
250.814 0 0 0 0 0 0 
250.934 0 0 0 0 0 0 
251.034 0 0 0 0 0 0 
251.135 0 0 0 0 0 0 
251.258 0 0 0 0 0 0 
251.374 0 0 0 0 0 0 
251.474 0 0 0 0 0 0 
251.594 0 0 0 0 0 0 
251.714 0 0 0 0 0 0 
251.834 0 0 0 0 0 0 
251.934 0 0 0 0 0 0 
252.054 0 0 0 0 0 0 
252.174 0 0 0 0 0 0 
252.294 0 0 0 0 0 0 
252.394 0 0 0 0 0 0 
252.494 0 0 0 0 0 0 
252.614 0 0 0 0 0 0 
252.714 0 0 0 0 0 0 
252.814 0 0 0 0 0 0 
252.934 0 0 0 0 0 0 
253.034 0 0 0 0 0 0 
253.154 0 0 0 0 0 0 
253.274 0 0 0 0 0 0 
253.374 0 0 0 0 0 0 
253.474 0 0 0 0 0 0 
253.594 0 0 0 0 0 0 
253.698 0 0 0 0 0 0 
253.814 0 0 0 0 0 0 
253.934 0 0 0 0 0 0 
254.034 0 0 0 0 0 0 
254.134 0 0 0 0 0 0 
254.254 0 0 0 0 0 0 
254.374 0 0 0 0 0 0 
254.494 0 0 0 0 0 0 
254.614 0 0 0 0 0 0 
254.734 0 0 0 0 0 0 
254.854 0 0 0 0 0 0 
254.974 0 0 0 0 0 0 
255.094 0 0 0 0 0 0 
255.194 0 0 0 0 0 0 
255.314 0 0 0 0 0 0 
255.434 0 0 0 0 0 0 
255.554 0 0 0 0 0 0 
255.674 0 0 0 0 0 0 
255.774 0 0 0 0 0 0 
255.874 0 0 0 0 0 0 
255.994 0 0 0 0 0 0 
256.094 0 0 0 0 0 0 
256.214 0 0 0 0 0 0 
256.334 0 0 0 0 0 0 
256.434 0 0 0 0 0 0 
256.554 0 0 0 0 0 0 
256.674 0 0 0 0 0 0 
256.774 0 0 0 0 0 0 
256.894 0 0 0 0 0 0 
257.014 0 0 0 0 0 0 
257.114 0 0 0 0 0 0 
257.234 0 0 0 0 0 0 
257.334 0 0 0 0 0 0 
257.434 0 0 0 0 0 0 
257.534 0 0 0 0 0 0 
257.654 0 0 0 0 0 0 
257.754 0 0 0 0 0 0 
257.874 0 0 0 0 0 0 
257.994 0 0 0 0 0 0 
258.094 0 0 0 0 0 0 
258.194 0 0 0 0 0 0 
258.294 0 0 0 0 0 0 
258.394 0 0 0 0 0 0 
258.514 0 0 0 0 0 0 
258.614 0 0 0 0 0 0 
258.734 0 0 0 0 0 0 
258.834 0 0 0 0 0 0 
258.934 0 0 0 0 0 0 
259.054 0 0 0 0 0 0 
259.174 0 0 0 0 0 0 
259.294 0 0 0 0 0 0 
259.397 0 0 0 0 0 0 
259.514 0 0 0 0 0 0 
259.634 0 0 0 0 0 0 
259.734 0 0 0 0 0 0 
259.854 0 0 0 0 0 0 
259.954 0 0 0 0 0 0 
260.074 0 0 0 0 0 0 
260.194 0 0 0 0 0 0 
260.294 0 0 0 0 0 0 
260.395 0 0 0 0 0 0 
260.514 0 0 0 0 0 0 
260.634 0 0 0 0 0 0 
260.734 0 0 0 0 0 0 
260.854 0 0 0 0 0 0 
260.954 0 0 0 0 0 0 
261.074 0 0 0 0 0 0 
261.194 0 0 0 0 0 0 
261.314 0 0 0 0 0 0 
261.414 0 0 0 0 0 0 
261.514 0 0 0 0 0 0 
261.634 0 0 0 0 0 0 
261.754 0 0 0 0 0 0 
261.854 0 0 0 0 0 0 
261.954 0 0 0 0 0 0 
262.074 0 0 0 0 0 0 
262.194 0 0 0 0 0 0 
262.314 0 0 0 0 0 0 
262.434 0 0 0 0 0 0 
262.534 0 0 0 0 0 0 
262.654 0 0 0 0 0 0 
262.774 0 0 0 0 0 0 
262.874 0 0 0 0 0 0 
262.994 0 0 0 0 0 0 
263.114 0 0 0 0 0 0 
263.234 0 0 0 0 0 0 
263.334 0 0 0 0 0 0 
263.434 0 0 0 0 0 0 
263.554 0 0 0 0 0 0 
263.674 0 0 0 0 0 0 
263.774 0 0 0 0 0 0 
263.874 0 0 0 0 0 0 
263.974 0 0 0 0 0 0 
264.094 0 0 0 0 0 0 
264.214 0 0 0 0 0 0 
264.334 0 0 0 0 0 0 
264.434 0 0 0 0 0 0 
264.554 0 0 0 0 0 0 
264.654 0 0 0 0 0 0 
264.774 0 0 0 0 0 0 
264.894 0 0 0 0 0 0 
264.994 0 0 0 0 0 0 
265.114 0 0 0 0 0 0 
265.234 0 0 0 0 0 0 
265.354 0 0 0 0 0 0 
265.474 0 0 0 0 0 0 
265.574 0 0 0 0 0 0 
265.674 0 0 0 0 0 0 
265.774 0 0 0 0 0 0 
265.894 0 0 0 0 0 0 
265.994 0 0 0 0 0 0 
266.114 0 0 0 0 0 0 
266.234 0 0 0 0 0 0 
266.334 0 0 0 0 0 0 
266.434 0 0 0 0 0 0 
266.554 0 0 0 0 0 0 
266.674 0 0 0 0 0 0 
266.794 0 0 0 0 0 0 
266.916 0 0 0 0 0 0 
267.034 0 0 0 0 0 0 
267.134 0 0 0 0 0 0 
267.254 0 0 0 0 0 0 
267.374 0 0 0 0 0 0 
267.474 0 0 0 0 0 0 
267.594 0 0 0 0 0 0 
267.694 0 0 0 0 0 0 
267.794 0 0 0 0 0 0 
267.914 0 0 0 0 0 0 
268.014 0 0 0 0 0 0 
268.114 0 0 0 0 0 0 
268.234 0 0 0 0 0 0 
268.354 0 0 0 0 0 0 
268.454 0 0 0 0 0 0 
268.554 0 0 0 0 0 0 
268.674 0 0 0 0 0 0 
268.774 0 0 0 0 0 0 
268.874 0 0 0 0 0 0 
268.994 0 0 0 0 0 0 
269.114 0 0 0 0 0 0 
269.215 0 0 0 0 0 0 
269.334 0 0 0 0 0 0 
269.434 0 0 0 0 0 0 
269.534 0 0 0 0 0 0 
269.654 0 0 0 0 0 0 
269.774 0 0 0 0 0 0 
269.874 0 0 0 0 0 0 
269.974 0 0 0 0 0 0 
270.074 0 0 0 0 0 0 
270.194 0 0 0 0 0 0 
270.294 0 0 0 0 0 0 
270.394 0 0 0 0 0 0 
270.514 0 0 0 0 0 0 
270.614 0 0 0 0 0 0 
270.734 0 0 0 0 0 0 
270.854 0 0 0 0 0 0 
270.954 0 0 0 0 0 0 
271.078 0 0 0 0 0 0 
271.194 0 0 0 0 0 0 
271.314 0 0 0 0 0 0 
271.434 0 0 0 0 0 0 
271.534 0 0 0 0 0 0 
271.654 0 0 0 0 0 0 
271.774 0 0 0 0 0 0 
271.894 0 0 0 0 0 0 
271.994 0 0 0 0 0 0 
272.118 0 0 0 0 0 0 
272.234 0 0 0 0 0 0 
272.354 0 0 0 0 0 0 
272.476 0 0 0 0 0 0 
272.594 0 0 0 0 0 0 
272.694 0 0 0 0 0 0 
272.814 0 0 0 0 0 0 
272.914 0 0 0 0 0 0 
273.034 0 0 0 0 0 0 
273.154 0 0 0 0 0 0 
273.274 0 0 0 0 0 0 
273.374 0 0 0 0 0 0 
273.494 0 0 0 0 0 0 
273.614 0 0 0 0 0 0 
273.714 0 0 0 0 0 0 
273.834 0 0 0 0 0 0 
273.934 0 0 0 0 0 0 
274.054 0 0 0 0 0 0 
274.174 0 0 0 0 0 0 
274.274 0 0 0 0 0 0 
274.394 0 0 0 0 0 0 
274.514 0 0 0 0 0 0 
274.634 0 0 0 0 0 0 
274.754 0 0 0 0 0 0 
274.854 0 0 0 0 0 0 
274.974 0 0 0 0 0 0 
275.074 0 0 0 0 0 0 
275.194 0 0 0 0 0 0 
275.314 0 0 0 0 0 0 
275.414 0 0 0 0 0 0 
275.514 0 0 0 0 0 0 
275.634 0 0 0 0 0 0 
275.754 0 0 0 0 0 0 
275.854 0 0 0 0 0 0 
275.974 0 0 0 0 0 0 
276.074 0 0 0 0 0 0 
276.194 0 0 0 0 0 0 
276.314 0 0 0 0 0 0 
276.414 0 0 0 0 0 0 
276.534 0 0 0 0 0 0 
276.654 0 0 0 0 0 0 
276.774 0 0 0 0 0 0 
276.874 0 0 0 0 0 0 
276.994 0 0 0 0 0 0 
277.114 0 0 0 0 0 0 
277.214 0 0 0 0 0 0 
277.334 0 0 0 0 0 0 
277.434 0 0 0 0 0 0 
277.554 0 0 0 0 0 0 
277.654 0 0 0 0 0 0 
277.754 0 0 0 0 0 0 
277.874 0 0 0 0 0 0 
277.974 0 0 0 0 0 0 
278.074 0 0 0 0 0 0 
278.195 0 0 0 0 0 0 
278.314 0 0 0 0 0 0 
278.434 0 0 0 0 0 0 
278.554 0 0 0 0 0 0 
278.674 0 0 0 0 0 0 
278.774 0 0 0 0 0 0 
278.894 0 0 0 0 0 0 
278.994 0 0 0 0 0 0 
279.094 0 0 0 0 0 0 
279.194 0 0 0 0 0 0 
279.294 0 0 0 0 0 0 
279.394 0 0 0 0 0 0 
279.514 0 0 0 0 0 0 
279.614 0 0 0 0 0 0 
279.734 0 0 0 0 0 0 
279.834 0 0 0 0 0 0 
279.934 0 0 0 0 0 0 
280.054 0 0 0 0 0 0 
280.154 0 0 0 0 0 0 
280.254 0 0 0 0 0 0 
280.374 0 0 0 0 0 0 
280.474 0 0 0 0 0 0 
280.594 0 0 0 0 0 0 
280.694 0 0 0 0 0 0 
280.794 0 0 0 0 0 0 
280.914 0 0 0 0 0 0 
281.014 0 0 0 0 0 0 
281.134 0 0 0 0 0 0 
281.254 0 0 0 0 0 0 
281.354 0 0 0 0 0 0 
281.474 0 0 0 0 0 0 
281.574 0 0 0 0 0 0 
281.694 0 0 0 0 0 0 
281.794 0 0 0 0 0 0 
281.914 0 0 0 0 0 0 
282.034 0 0 0 0 0 0 
282.138 0 0 0 0 0 0 
282.254 0 0 0 0 0 0 
282.374 0 0 0 0 0 0 
282.474 0 0 0 0 0 0 
282.594 0 0 0 0 0 0 
282.694 0 0 0 0 0 0 
282.814 0 0 0 0 0 0 
282.934 0 0 0 0 0 0 
283.054 0 0 0 0 0 0 
283.154 0 0 0 0 0 0 
283.279 0 0 0 0 0 0 
283.394 0 0 0 0 0 0 
283.495 0 0 0 0 0 0 
283.614 0 0 0 0 0 0 
283.734 0 0 0 0 0 0 
283.854 0 0 0 0 0 0 
283.974 0 0 0 0 0 0 
284.094 0 0 0 0 0 0 
284.194 0 0 0 0 0 0 
284.294 0 0 0 0 0 0 
284.414 0 0 0 0 0 0 
284.534 0 0 0 0 0 0 
284.654 0 0 0 0 0 0 
284.774 0 0 0 0 0 0 
284.874 0 0 0 0 0 0 
284.994 0 0 0 0 0 0 
285.114 0 0 0 0 0 0 
285.234 0 0 0 0 0 0 
285.354 0 0 0 0 0 0 
285.475 0 0 0 0 0 0 
285.594 0 0 0 0 0 0 
285.714 0 0 0 0 0 0 
285.814 0 0 0 0 0 0 
285.934 0 0 0 0 0 0 
286.034 0 0 0 0 0 0 
286.134 0 0 0 0 0 0 
286.234 0 0 0 0 0 0 
286.354 0 0 0 0 0 0 
286.457 0 0 0 0 0 0 
286.574 0 0 0 0 0 0 
286.674 0 0 0 0 0 0 
286.794 0 0 0 0 0 0 
286.894 0 0 0 0 0 0 
287.014 0 0 0 0 0 0 
287.114 0 0 0 0 0 0 
287.234 0 0 0 0 0 0 
287.354 0 0 0 0 0 0 
287.454 0 0 0 0 0 0 
287.574 0 0 0 0 0 0 
287.674 0 0 0 0 0 0 
287.774 0 0 0 0 0 0 
287.894 0 0 0 0 0 0 
288.014 0 0 0 0 0 0 
288.114 0 0 0 0 0 0 
288.214 0 0 0 0 0 0 
288.334 0 0 0 0 0 0 
288.434 0 0 0 0 0 0 
288.554 0 0 0 0 0 0 
288.654 0 0 0 0 0 0 
288.754 0 0 0 0 0 0 
288.854 0 0 0 0 0 0 
288.974 0 0 0 0 0 0 
289.074 0 0 0 0 0 0 
289.174 0 0 0 0 0 0 
289.294 0 0 0 0 0 0 
289.394 0 0 0 0 0 0 
289.494 0 0 0 0 0 0 
289.614 0 0 0 0 0 0 
289.734 0 0 0 0 0 0 
289.834 0 0 0 0 0 0 
289.954 0 0 0 0 0 0 
290.054 0 0 0 0 0 0 
290.154 0 0 0 0 0 0 
290.254 0 0 0 0 0 0 
290.374 0 0 0 0 0 0 
290.474 0 0 0 0 0 0 
290.574 0 0 0 0 0 0 
290.694 0 0 0 0 0 0 
290.814 0 0 0 0 0 0 
290.914 0 0 0 0 0 0 
291.034 0 0 0 0 0 0 
291.134 0 0 0 0 0 0 
291.254 0 0 0 0 0 0 
291.355 0 0 0 0 0 0 
291.474 0 0 0 0 0 0 
291.594 0 0 0 0 0 0 
291.694 0 0 0 0 0 0 
291.794 0 0 0 0 0 0 
291.914 0 0 0 0 0 0 
292.014 0 0 0 0 0 0 
292.134 0 0 0 0 0 0 
292.254 0 0 0 0 0 0 
292.374 0 0 0 0 0 0 
292.476 0 0 0 0 0 0 
292.594 0 0 0 0 0 0 
292.694 0 0 0 0 0 0 
292.795 0 0 0 0 0 0 
292.914 0 0 0 0 0 0 
293.014 0 0 0 0 0 0 
293.134 0 0 0 0 0 0 
293.234 0 0 0 0 0 0 
293.354 0 0 0 0 0 0 
293.454 0 0 0 0 0 0 
293.574 0 0 0 0 0 0 
293.694 0 0 0 0 0 0 
293.794 0 0 0 0 0 0 
293.894 0 0 0 0 0 0 
293.994 0 0 0 0 0 0 
294.114 0 0 0 0 0 0 
294.234 0 0 0 0 0 0 
294.354 0 0 0 0 0 0 
294.454 0 0 0 0 0 0 
294.574 0 0 0 0 0 0 
294.694 0 0 0 0 0 0 
294.814 0 0 0 0 0 0 
294.934 0 0 0 0 0 0 
295.054 0 0 0 0 0 0 
295.174 0 0 0 0 0 0 
295.294 0 0 0 0 0 0 
295.394 0 0 0 0 0 0 
295.514 0 0 0 0 0 0 
295.634 0 0 0 0 0 0 
295.754 0 0 0 0 0 0 
295.854 0 0 0 0 0 0 
295.954 0 0 0 0 0 0 
296.054 0 0 0 0 0 0 
296.154 0 0 0 0 0 0 
296.274 0 0 0 0 0 0 
296.374 0 0 0 0 0 0 
296.494 0 0 0 0 0 0 
296.594 0 0 0 0 0 0 
296.714 0 0 0 0 0 0 
296.814 0 0 0 0 0 0 
296.934 0 0 0 0 0 0 
297.054 0 0 0 0 0 0 
297.174 0 0 0 0 0 0 
297.294 0 0 0 0 0 0 
297.414 0 0 0 0 0 0 
297.534 0 0 0 0 0 0 
297.654 0 0 0 0 0 0 
297.774 0 0 0 0 0 0 
297.894 0 0 0 0 0 0 
297.994 0 0 0 0 0 0 
298.094 0 0 0 0 0 0 
298.214 0 0 0 0 0 0 
298.334 0 0 0 0 0 0 
298.454 0 0 0 0 0 0 
298.574 0 0 0 0 0 0 
298.676 0 0 0 0 0 0 
298.794 0 0 0 0 0 0 
298.914 0 0 0 0 0 0 
299.014 0 0 0 0 0 0 
299.134 0 0 0 0 0 0 
299.234 0 0 0 0 0 0 
299.334 0 0 0 0 0 0 
299.454 0 0 0 0 0 0 
299.554 0 0 0 0 0 0 
299.674 0 0 0 0 0 0 
299.794 0 0 0 0 0 0 
299.914 0 0 0 0 0 0 
300.034 0 0 0 0 0 0 
300.154 0 0 0 0 0 0 
300.274 0 0 0 0 0 0 
300.394 0 0 0 0 0 0 
300.494 0 0 0 0 0 0 
300.594 0 0 0 0 0 0 
300.714 0 0 0 0 0 0 
300.834 0 0 0 0 0 0 
300.934 0 0 0 0 0 0 
301.054 0 0 0 0 0 0 
301.174 0 0 0 0 0 0 
301.274 0 0 0 0 0 0 
301.374 0 0 0 0 0 0 
301.474 0 0 0 0 0 0 
301.575 0 0 0 0 0 0 
301.694 0 0 0 0 0 0 
301.814 0 0 0 0 0 0 
301.914 0 0 0 0 0 0 
302.034 0 0 0 0 0 0 
302.134 0 0 0 0 0 0 
302.254 0 0 0 0 0 0 
302.374 0 0 0 0 0 0 
302.474 0 0 0 0 0 0 
302.594 0 0 0 0 0 0 
302.694 0 0 0 0 0 0 
302.814 0 0 0 0 0 0 
302.914 0 0 0 0 0 0 
303.034 0 0 0 0 0 0 
303.154 0 0 0 0 0 0 
303.274 0 0 0 0 0 0 
303.394 0 0 0 0 0 0 
303.514 0 0 0 0 0 0 
303.614 0 0 0 0 0 0 
303.714 0 0 0 0 0 0 
303.814 0 0 0 0 0 0 
303.934 0 0 0 0 0 0 
304.034 0 0 0 0 0 0 
304.134 0 0 0 0 0 0 
304.234 0 0 0 0 0 0 
304.354 0 0 0 0 0 0 
304.474 0 0 0 0 0 0 
304.576 0 0 0 0 0 0 
304.694 0 0 0 0 0 0 
304.794 0 0 0 0 0 0 
304.914 0 0 0 0 0 0 
305.014 0 0 0 0 0 0 
305.134 0 0 0 0 0 0 
305.254 0 0 0 0 0 0 
305.374 0 0 0 0 0 0 
305.474 0 0 0 0 0 0 
305.594 0 0 0 0 0 0 
305.714 0 0 0 0 0 0 
305.814 0 0 0 0 0 0 
305.934 0 0 0 0 0 0 
306.054 0 0 0 0 0 0 
306.174 0 0 0 0 0 0 
306.274 0 0 0 0 0 0 
306.374 0 0 0 0 0 0 
306.494 0 0 0 0 0 0 
306.597 0 0 0 0 0 0 
306.714 0 0 0 0 0 0 
306.834 0 0 0 0 0 0 
306.934 0 0 0 0 0 0 
307.054 0 0 0 0 0 0 
307.174 0 0 0 0 0 0 
307.294 0 0 0 0 0 0 
307.394 0 0 0 0 0 0 
307.494 0 0 0 0 0 0 
307.615 0 0 0 0 0 0 
307.734 0 0 0 0 0 0 
307.854 0 0 0 0 0 0 
307.954 0 0 0 0 0 0 
308.074 0 0 0 0 0 0 
308.174 0 0 0 0 0 0 
308.274 0 0 0 0 0 0 
308.394 0 0 0 0 0 0 
308.498 0 0 0 0 0 0 
308.614 0 0 0 0 0 0 
308.714 0 0 0 0 0 0 
308.834 0 0 0 0 0 0 
308.954 0 0 0 0 0 0 
309.074 0 0 0 0 0 0 
309.182 0 0 0 0 0 0 
309.294 0 0 0 0 0 0 
309.394 0 0 0 0 0 0 
309.514 0 0 0 0 0 0 
309.634 0 0 0 0 0 0 
309.734 0 0 0 0 0 0 
309.854 0 0 0 0 0 0 
309.974 0 0 0 0 0 0 
310.074 0 0 0 0 0 0 
310.194 0 0 0 0 0 0 
310.314 0 0 0 0 0 0 
310.414 0 0 0 0 0 0 
310.514 0 0 0 0 0 0 
310.614 0 0 0 0 0 0 
310.714 0 0 0 0 0 0 
310.834 0 0 0 0 0 0 
310.954 0 0 0 0 0 0 
311.054 0 0 0 0 0 0 
311.174 0 0 0 0 0 0 
311.294 0 0 0 0 0 0 
311.394 0 0 0 0 0 0 
311.514 0 0 0 0 0 0 
311.614 0 0 0 0 0 0 
311.714 0 0 0 0 0 0 
311.814 0 0 0 0 0 0 
311.914 0 0 0 0 0 0 
312.034 0 0 0 0 0 0 
312.154 0 0 0 0 0 0 
312.274 0 0 0 0 0 0 
312.394 0 0 0 0 0 0 
312.514 0 0 0 0 0 0 
312.634 0 0 0 0 0 0 
312.754 0 0 0 0 0 0 
312.874 0 0 0 0 0 0 
312.974 0 0 0 0 0 0 
313.095 0 0 0 0 0 0 
313.214 0 0 0 0 0 0 
313.314 0 0 0 0 0 0 
313.414 0 0 0 0 0 0 
313.534 0 0 0 0 0 0 
313.654 0 0 0 0 0 0 
313.754 0 0 0 0 0 0 
313.876 0 0 0 0 0 0 
313.994 0 0 0 0 0 0 
314.094 0 0 0 0 0 0 
314.194 0 0 0 0 0 0 
314.314 0 0 0 0 0 0 
314.434 0 0 0 0 0 0 
314.534 0 0 0 0 0 0 
314.654 0 0 0 0 0 0 
314.774 0 0 0 0 0 0 
314.874 0 0 0 0 0 0 
314.994 0 0 0 0 0 0 
315.114 0 0 0 0 0 0 
315.234 0 0 0 0 0 0 
315.334 0 0 0 0 0 0 
315.454 0 0 0 0 0 0 
315.574 0 0 0 0 0 0 
315.674 0 0 0 0 0 0 
315.794 0 0 0 0 0 0 
315.894 0 0 0 0 0 0 
315.994 0 0 0 0 0 0 
316.114 0 0 0 0 0 0 
316.214 0 0 0 0 0 0 
316.334 0 0 0 0 0 0 
316.454 0 0 0 0 0 0 
316.574 0 0 0 0 0 0 
316.674 0 0 0 0 0 0 
316.794 0 0 0 0 0 0 
316.894 0 0 0 0 0 0 
317.014 0 0 0 0 0 0 
317.114 0 0 0 0 0 0 
317.234 0 0 0 0 0 0 
317.354 0 0 0 0 0 0 
317.474 0 0 0 0 0 0 
317.594 0 0 0 0 0 0 
317.694 0 0 0 0 0 0 
317.814 0 0 0 0 0 0 
317.934 0 0 0 0 0 0 
318.034 0 0 0 0 0 0 
318.154 0 0 0 0 0 0 
318.274 0 0 0 0 0 0 
318.394 0 0 0 0 0 0 
318.514 0 0 0 0 0 0 
318.614 0 0 0 0 0 0 
318.714 0 0 0 0 0 0 
318.834 0 0 0 0 0 0 
318.954 0 0 0 0 0 0 
319.054 0 0 0 0 0 0 
319.174 0 0 0 0 0 0 
319.294 0 0 0 0 0 0 
319.414 0 0 0 0 0 0 
319.514 0 0 0 0 0 0 
319.634 0 0 0 0 0 0 
319.734 0 0 0 0 0 0 
319.854 0 0 0 0 0 0 
319.954 0 0 0 0 0 0 
320.054 0 0 0 0 0 0 
320.154 0 0 0 0 0 0 
320.274 0 0 0 0 0 0 
320.394 0 0 0 0 0 0 
320.514 0 0 0 0 0 0 
320.634 0 0 0 0 0 0 
320.754 0 0 0 0 0 0 
320.875 0 0 0 0 0 0 
320.994 0 0 0 0 0 0 
321.114 0 0 0 0 0 0 
321.214 0 0 0 0 0 0 
321.314 0 0 0 0 0 0 
321.434 0 0 0 0 0 0 
321.554 0 0 0 0 0 0 
321.654 0 0 0 0 0 0 
321.774 0 0 0 0 0 0 
321.874 0 0 0 0 0 0 
321.994 0 0 0 0 0 0 
322.094 0 0 0 0 0 0 
322.214 0 0 0 0 0 0 
322.334 0 0 0 0 0 0 
322.434 0 0 0 0 0 0 
322.534 0 0 0 0 0 0 
322.654 0 0 0 0 0 0 
322.774 0 0 0 0 0 0 
322.874 0 0 0 0 0 0 
322.975 0 0 0 0 0 0 
323.094 0 0 0 0 0 0 
323.194 0 0 0 0 0 0 
323.314 0 0 0 0 0 0 
323.434 0 0 0 0 0 0 
323.534 0 0 0 0 0 0 
323.654 0 0 0 0 0 0 
323.774 0 0 0 0 0 0 
323.894 0 0 0 0 0 0 
323.994 0 0 0 0 0 0 
324.114 0 0 0 0 0 0 
324.214 0 0 0 0 0 0 
324.334 0 0 0 0 0 0 
324.454 0 0 0 0 0 0 
324.574 0 0 0 0 0 0 
324.674 0 0 0 0 0 0 
324.794 0 0 0 0 0 0 
324.914 0 0 0 0 0 0 
325.034 0 0 0 0 0 0 
325.134 0 0 0 0 0 0 
325.254 0 0 0 0 0 0 
325.374 0 0 0 0 0 0 
325.475 0 0 0 0 0 0 
325.594 0 0 0 0 0 0 
325.694 0 0 0 0 0 0 
325.814 0 0 0 0 0 0 
325.914 0 0 0 0 0 0 
326.014 0 0 0 0 0 0 
326.114 0 0 0 0 0 0 
326.216 0 0 0 0 0 0 
326.334 0 0 0 0 0 0 
326.46 0 0 0 0 0 0 
326.574 0 0 0 0 0 0 
326.694 0 0 0 0 0 0 
326.794 0 0 0 0 0 0 
326.895 0 0 0 0 0 0 
327.014 0 0 0 0 0 0 
327.134 0 0 0 0 0 0 
327.234 0 0 0 0 0 0 
327.334 0 0 0 0 0 0 
327.454 0 0 0 0 0 0 
327.56 0 0 0 0 0 0 
327.674 0 0 0 0 0 0 
327.794 0 0 0 0 0 0 
327.894 0 0 0 0 0 0 
328.014 0 0 0 0 0 0 
328.134 0 0 0 0 0 0 
328.254 0 0 0 0 0 0 
328.374 0 0 0 0 0 0 
328.494 0 0 0 0 0 0 
328.594 0 0 0 0 0 0 
328.694 0 0 0 0 0 0 
328.814 0 0 0 0 0 0 
328.914 0 0 0 0 0 0 
329.014 0 0 0 0 0 0 
329.114 0 0 0 0 0 0 
329.234 0 0 0 0 0 0 
329.354 0 0 0 0 0 0 
329.474 0 0 0 0 0 0 
329.594 0 0 0 0 0 0 
329.714 0 0 0 0 0 0 
329.834 0 0 0 0 0 0 
329.954 0 0 0 0 0 0 
330.074 0 0 0 0 0 0 
330.194 0 0 0 0 0 0 
330.294 0 0 0 0 0 0 
330.414 0 0 0 0 0 0 
330.535 0 0 0 0 0 0 
330.654 0 0 0 0 0 0 
330.754 0 0 0 0 0 0 
330.874 0 0 0 0 0 0 
330.974 0 0 0 0 0 0 
331.098 0 0 0 0 0 0 
331.214 0 0 0 0 0 0 
331.334 0 0 0 0 0 0 
331.434 0 0 0 0 0 0 
331.554 0 0 0 0 0 0 
331.674 0 0 0 0 0 0 
331.774 0 0 0 0 0 0 
331.874 0 0 0 0 0 0 
331.994 0 0 0 0 0 0 
332.114 0 0 0 0 0 0 
332.214 0 0 0 0 0 0 
332.334 0 0 0 0 0 0 
332.434 0 0 0 0 0 0 
332.534 0 0 0 0 0 0 
332.637 0 0 0 0 0 0 
332.754 0 0 0 0 0 0 
332.875 0 0 0 0 0 0 
332.994 0 0 0 0 0 0 
333.114 0 0 0 0 0 0 
333.234 0 0 0 0 0 0 
333.334 0 0 0 0 0 0 
333.454 0 0 0 0 0 0 
333.574 0 0 0 0 0 0 
333.674 0 0 0 0 0 0 
333.774 0 0 0 0 0 0 
333.874 0 0 0 0 0 0 
333.974 0 0 0 0 0 0 
334.094 0 0 0 0 0 0 
334.214 0 0 0 0 0 0 
334.314 0 0 0 0 0 0 
334.434 0 0 0 0 0 0 
334.534 0 0 0 0 0 0 
334.634 0 0 0 0 0 0 
334.734 0 0 0 0 0 0 
334.854 0 0 0 0 0 0 
334.974 0 0 0 0 0 0 
335.074 0 0 0 0 0 0 
335.194 0 0 0 0 0 0 
335.294 0 0 0 0 0 0 
335.414 0 0 0 0 0 0 
335.534 0 0 0 0 0 0 
335.634 0 0 0 0 0 0 
335.734 0 0 0 0 0 0 
335.854 0 0 0 0 0 0 
335.974 0 0 0 0 0 0 
336.074 0 0 0 0 0 0 
336.194 0 0 0 0 0 0 
336.294 0 0 0 0 0 0 
336.414 0 0 0 0 0 0 
336.514 0 0 0 0 0 0 
336.634 0 0 0 0 0 0 
336.734 0 0 0 0 0 0 
336.854 0 0 0 0 0 0 
336.974 0 0 0 0 0 0 
337.074 0 0 0 0 0 0 
337.176 0 0 0 0 0 0 
337.294 0 0 0 0 0 0 
337.414 0 0 0 0 0 0 
337.514 0 0 0 0 0 0 
337.634 0 0 0 0 0 0 
337.754 0 0 0 0 0 0 
337.854 0 0 0 0 0 0 
337.954 0 0 0 0 0 0 
338.074 0 0 0 0 0 0 
338.194 0 0 0 0 0 0 
338.314 0 0 0 0 0 0 
338.414 0 0 0 0 0 0 
338.514 0 0 0 0 0 0 
338.634 0 0 0 0 0 0 
338.734 0 0 0 0 0 0 
338.854 0 0 0 0 0 0 
338.954 0 0 0 0 0 0 
339.075 0 0 0 0 0 0 
339.194 0 0 0 0 0 0 
339.294 0 0 0 0 0 0 
339.414 0 0 0 0 0 0 
339.534 0 0 0 0 0 0 
339.634 0 0 0 0 0 0 
339.754 0 0 0 0 0 0 
339.874 0 0 0 0 0 0 
339.974 0 0 0 0 0 0 
340.094 0 0 0 0 0 0 
340.194 0 0 0 0 0 0 
340.314 0 0 0 0 0 0 
340.434 0 0 0 0 0 0 
340.554 0 0 0 0 0 0 
340.674 0 0 0 0 0 0 
340.794 0 0 0 0 0 0 
340.894 0 0 0 0 0 0 
341.014 0 0 0 0 0 0 
341.114 0 0 0 0 0 0 
341.214 0 0 0 0 0 0 
341.334 0 0 0 0 0 0 
341.434 0 0 0 0 0 0 
341.534 0 0 0 0 0 0 
341.654 0 0 0 0 0 0 
341.774 0 0 0 0 0 0 
341.895 0 0 0 0 0 0 
342.014 0 0 0 0 0 0 
342.114 0 0 0 0 0 0 
342.234 0 0 0 0 0 0 
342.354 0 0 0 0 0 0 
342.454 0 0 0 0 0 0 
342.574 0 0 0 0 0 0 
342.694 0 0 0 0 0 0 
342.814 0 0 0 0 0 0 
342.914 0 0 0 0 0 0 
343.034 0 0 0 0 0 0 
343.154 0 0 0 0 0 0 
343.274 0 0 0 0 0 0 
343.374 0 0 0 0 0 0 
343.474 0 0 0 0 0 0 
343.594 0 0 0 0 0 0 
343.714 0 0 0 0 0 0 
343.814 0 0 0 0 0 0 
343.934 0 0 0 0 0 0 
344.054 0 0 0 0 0 0 
344.174 0 0 0 0 0 0 
344.274 0 0 0 0 0 0 
344.374 0 0 0 0 0 0 
344.494 0 0 0 0 0 0 
344.594 0 0 0 0 0 0 
344.714 0 0 0 0 0 0 
344.834 0 0 0 0 0 0 
344.934 0 0 0 0 0 0 
345.054 0 0 0 0 0 0 
345.154 0 0 0 0 0 0 
345.254 0 0 0 0 0 0 
345.354 0 0 0 0 0 0 
345.474 0 0 0 0 0 0 
345.574 0 0 0 0 0 0 
345.674 0 0 0 0 0 0 
345.794 0 0 0 0 0 0 
345.914 0 0 0 0 0 0 
346.014 0 0 0 0 0 0 
346.114 0 0 0 0 0 0 
346.234 0 0 0 0 0 0 
346.334 0 0 0 0 0 0 
346.434 0 0 0 0 0 0 
346.554 0 0 0 0 0 0 
346.678 0 0 0 0 0 0 
346.794 0 0 0 0 0 0 
346.894 0 0 0 0 0 0 
347.015 0 0 0 0 0 0 
347.134 0 0 0 0 0 0 
347.234 0 0 0 0 0 0 
347.354 0 0 0 0 0 0 
347.474 0 0 0 0 0 0 
347.574 0 0 0 0 0 0 
347.695 0 0 0 0 0 0 
347.795 0 0 0 0 0 0 
347.914 0 0 0 0 0 0 
348.034 0 0 0 0 0 0 
348.134 0 0 0 0 0 0 
348.234 0 0 0 0 0 0 
348.354 0 0 0 0 0 0 
348.474 0 0 0 0 0 0 
348.594 0 0 0 0 0 0 
348.695 0 0 0 0 0 0 
348.814 0 0 0 0 0 0 
348.934 0 0 0 0 0 0 
349.054 0 0 0 0 0 0 
349.174 0 0 0 0 0 0 
349.274 0 0 0 0 0 0 
349.394 0 0 0 0 0 0 
349.514 0 0 0 0 0 0 
349.634 0 0 0 0 0 0 
349.754 0 0 0 0 0 0 
349.854 0 0 0 0 0 0 
349.954 0 0 0 0 0 0 
350.074 0 0 0 0 0 0 
350.194 0 0 0 0 0 0 
350.294 0 0 0 0 0 0 
350.414 0 0 0 0 0 0 
350.514 0 0 0 0 0 0 
350.634 0 0 0 0 0 0 
350.734 0 0 0 0 0 0 
350.854 0 0 0 0 0 0 
350.954 0 0 0 0 0 0 
351.055 0 0 0 0 0 0 
351.178 0 0 0 0 0 0 
351.294 0 0 0 0 0 0 
351.394 0 0 0 0 0 0 
351.514 0 0 0 0 0 0 
351.614 0 0 0 0 0 0 
351.734 0 0 0 0 0 0 
351.834 0 0 0 0 0 0 
351.934 0 0 0 0 0 0 
352.054 0 0 0 0 0 0 
352.154 0 0 0 0 0 0 
352.274 0 0 0 0 0 0 
352.394 0 0 0 0 0 0 
352.494 0 0 0 0 0 0 
352.601 0 0 0 0 0 0 
352.714 0 0 0 0 0 0 
352.834 0 0 0 0 0 0 
352.934 0 0 0 0 0 0 
353.054 0 0 0 0 0 0 
353.174 0 0 0 0 0 0 
353.274 0 0 0 0 0 0 
353.396 0 0 0 0 0 0 
353.515 0 0 0 0 0 0 
353.634 0 0 0 0 0 0 
353.754 0 0 0 0 0 0 
353.874 0 0 0 0 0 0 
353.994 0 0 0 0 0 0 
354.114 0 0 0 0 0 0 
354.234 0 0 0 0 0 0 
354.334 0 0 0 0 0 0 
354.434 0 0 0 0 0 0 
354.534 0 0 0 0 0 0 
354.654 0 0 0 0 0 0 
354.774 0 0 0 0 0 0 
354.894 0 0 0 0 0 0 
354.994 0 0 0 0 0 0 
355.114 0 0 0 0 0 0 
355.214 0 0 0 0 0 0 
355.334 0 0 0 0 0 0 
355.434 0 0 0 0 0 0 
355.554 0 0 0 0 0 0 
355.674 0 0 0 0 0 0 
355.794 0 0 0 0 0 0 
355.914 0 0 0 0 0 0 
356.034 0 0 0 0 0 0 
356.134 0 0 0 0 0 0 
356.254 0 0 0 0 0 0 
356.354 0 0 0 0 0 0 
356.475 0 0 0 0 0 0 
356.594 0 0 0 0 0 0 
356.714 0 0 0 0 0 0 
356.815 0 0 0 0 0 0 
356.934 0 0 0 0 0 0 
357.054 0 0 0 0 0 0 
357.154 0 0 0 0 0 0 
357.274 0 0 0 0 0 0 
357.374 0 0 0 0 0 0 
357.474 0 0 0 0 0 0 
357.594 0 0 0 0 0 0 
357.714 0 0 0 0 0 0 
357.814 0 0 0 0 0 0 
357.934 0 0 0 0 0 0 
358.034 0 0 0 0 0 0 
358.134 0 0 0 0 0 0 
358.234 0 0 0 0 0 0 
358.354 0 0 0 0 0 0 
358.474 0 0 0 0 0 0 
358.575 0 0 0 0 0 0 
358.694 0 0 0 0 0 0 
358.814 0 0 0 0 0 0 
358.934 0 0 0 0 0 0 
359.054 0 0 0 0 0 0 
359.154 0 0 0 0 0 0 
359.274 0 0 0 0 0 0 
359.374 0 0 0 0 0 0 
359.474 0 0 0 0 0 0 
359.594 0 0 0 0 0 0 
359.714 0 0 0 0 0 0 
359.814 0 0 0 0 0 0 
359.934 0 0 0 0 0 0 
360.034 0 0 0 0 0 0 
360.154 0 0 0 0 0 0 
360.254 0 0 0 0 0 0 
360.374 0 0 0 0 0 0 
360.495 0 0 0 0 0 0 
360.616 0 0 0 0 0 0 
360.734 0 0 0 0 0 0 
360.834 0 0 0 0 0 0 
360.954 0 0 0 0 0 0 
361.074 0 0 0 0 0 0 
361.199 0 0 0 0 0 0 
361.314 0 0 0 0 0 0 
361.414 0 0 0 0 0 0 
361.514 0 0 0 0 0 0 
361.634 0 0 0 0 0 0 
361.734 0 0 0 0 0 0 
361.854 0 0 0 0 0 0 
361.974 0 0 0 0 0 0 
362.095 0 0 0 0 0 0 
362.214 0 0 0 0 0 0 
362.314 0 0 0 0 0 0 
362.434 0 0 0 0 0 0 
362.554 0 0 0 0 0 0 
362.674 0 0 0 0 0 0 
362.774 0 0 0 0 0 0 
362.894 0 0 0 0 0 0 
363.014 0 0 0 0 0 0 
363.134 0 0 0 0 0 0 
363.254 0 0 0 0 0 0 
363.354 0 0 0 0 0 0 
363.476 0 0 0 0 0 0 
363.594 0 0 0 0 0 0 
363.694 0 0 0 0 0 0 
363.814 0 0 0 0 0 0 
363.934 0 0 0 0 0 0 
364.034 0 0 0 0 0 0 
364.154 0 0 0 0 0 0 
364.274 0 0 0 0 0 0 
364.374 0 0 0 0 0 0 
364.494 0 0 0 0 0 0 
364.594 0 0 0 0 0 0 
364.714 0 0 0 0 0 0 
364.814 0 0 0 0 0 0 
364.934 0 0 0 0 0 0 
365.034 0 0 0 0 0 0 
365.134 0 0 0 0 0 0 
365.235 0 0 0 0 0 0 
365.354 0 0 0 0 0 0 
365.454 0 0 0 0 0 0 
365.574 0 0 0 0 0 0 
365.694 0 0 0 0 0 0 
365.794 0 0 0 0 0 0 
365.914 0 0 0 0 0 0 
366.034 0 0 0 0 0 0 
366.154 0 0 0 0 0 0 
366.274 0 0 0 0 0 0 
366.374 0 0 0 0 0 0 
366.494 0 0 0 0 0 0 
366.594 0 0 0 0 0 0 
366.714 0 0 0 0 0 0 
366.814 0 0 0 0 0 0 
366.934 0 0 0 0 0 0 
367.054 0 0 0 0 0 0 
367.154 0 0 0 0 0 0 
367.274 0 0 0 0 0 0 
367.394 0 0 0 0 0 0 
367.514 0 0 0 0 0 0 
367.614 0 0 0 0 0 0 
367.734 0 0 0 0 0 0 
367.834 0 0 0 0 0 0 
367.954 0 0 0 0 0 0 
368.074 0 0 0 0 0 0 
368.194 0 0 0 0 0 0 
368.314 0 0 0 0 0 0 
368.414 0 0 0 0 0 0 
368.514 0 0 0 0 0 0 
368.634 0 0 0 0 0 0 
368.734 0 0 0 0 0 0 
368.854 0 0 0 0 0 0 
368.975 0 0 0 0 0 0 
369.094 0 0 0 0 0 0 
369.194 0 0 0 0 0 0 
369.294 0 0 0 0 0 0 
369.414 0 0 0 0 0 0 
369.534 0 0 0 0 0 0 
369.654 0 0 0 0 0 0 
369.754 0 0 0 0 0 0 
369.854 0 0 0 0 0 0 
369.974 0 0 0 0 0 0 
370.094 0 0 0 0 0 0 
370.214 0 0 0 0 0 0 
370.314 0 0 0 0 0 0 
370.434 0 0 0 0 0 0 
370.554 0 0 0 0 0 0 
370.654 0 0 0 0 0 0 
370.774 0 0 0 0 0 0 
370.874 0 0 0 0 0 0 
370.974 0 0 0 0 0 0 
371.094 0 0 0 0 0 0 
371.194 0 0 0 0 0 0 
371.314 0 0 0 0 0 0 
371.434 0 0 0 0 0 0 
371.554 0 0 0 0 0 0 
371.654 0 0 0 0 0 0 
371.774 0 0 0 0 0 0 
371.874 0 0 0 0 0 0 
371.994 0 0 0 0 0 0 
372.094 0 0 0 0 0 0 
372.214 0 0 0 0 0 0 
372.314 0 0 0 0 0 0 
372.434 0 0 0 0 0 0 
372.534 0 0 0 0 0 0 
372.634 0 0 0 0 0 0 
372.754 0 0 0 0 0 0 
372.854 0 0 0 0 0 0 
372.974 0 0 0 0 0 0 
373.094 0 0 0 0 0 0 
373.194 0 0 0 0 0 0 
373.314 0 0 0 0 0 0 
373.434 0 0 0 0 0 0 
373.554 0 0 0 0 0 0 
373.654 0 0 0 0 0 0 
373.754 0 0 0 0 0 0 
373.874 0 0 0 0 0 0 
373.974 0 0 0 0 0 0 
374.094 0 0 0 0 0 0 
374.214 0 0 0 0 0 0 
374.314 0 0 0 0 0 0 
374.434 0 0 0 0 0 0 
374.534 0 0 0 0 0 0 
374.634 0 0 0 0 0 0 
374.754 0 0 0 0 0 0 
374.874 0 0 0 0 0 0 
374.994 0 0 0 0 0 0 
375.094 0 0 0 0 0 0 
375.214 0 0 0 0 0 0 
375.334 0 0 0 0 0 0 
375.454 0 0 0 0 0 0 
375.554 0 0 0 0 0 0 
375.654 0 0 0 0 0 0 
375.774 0 0 0 0 0 0 
375.894 0 0 0 0 0 0 
376.014 0 0 0 0 0 0 
376.134 0 0 0 0 0 0 
376.254 0 0 0 0 0 0 
376.374 0 0 0 0 0 0 
376.494 0 0 0 0 0 0 
376.594 0 0 0 0 0 0 
376.714 0 0 0 0 0 0 
376.814 0 0 0 0 0 0 
376.915 0 0 0 0 0 0 
377.034 0 0 0 0 0 0 
377.154 0 0 0 0 0 0 
377.275 0 0 0 0 0 0 
377.394 0 0 0 0 0 0 
377.514 0 0 0 0 0 0 
377.634 0 0 0 0 0 0 
377.734 0 0 0 0 0 0 
377.834 0 0 0 0 0 0 
377.954 0 0 0 0 0 0 
378.056 0 0 0 0 0 0 
378.174 0 0 0 0 0 0 
378.274 0 0 0 0 0 0 
378.394 0 0 0 0 0 0 
378.514 0 0 0 0 0 0 
378.614 0 0 0 0 0 0 
378.714 0 0 0 0 0 0 
378.814 0 0 0 0 0 0 
378.934 0 0 0 0 0 0 
379.034 0 0 0 0 0 0 
379.154 0 0 0 0 0 0 
379.254 0 0 0 0 0 0 
379.354 0 0 0 0 0 0 
379.454 0 0 0 0 0 0 
379.574 0 0 0 0 0 0 
379.694 0 0 0 0 0 0 
379.814 0 0 0 0 0 0 
379.914 0 0 0 0 0 0 
380.034 0 0 0 0 0 0 
380.154 0 0 0 0 0 0 
380.274 0 0 0 0 0 0 
380.394 0 0 0 0 0 0 
380.514 0 0 0 0 0 0 
380.634 0 0 0 0 0 0 
380.734 0 0 0 0 0 0 
380.854 0 0 0 0 0 0 
380.974 0 0 0 0 0 0 
381.074 0 0 0 0 0 0 
381.194 0 0 0 0 0 0 
381.314 0 0 0 0 0 0 
381.434 0 0 0 0 0 0 
381.534 0 0 0 0 0 0 
381.634 0 0 0 0 0 0 
381.734 0 0 0 0 0 0 
381.834 0 0 0 0 0 0 
381.954 0 0 0 0 0 0 
382.074 0 0 0 0 0 0 
382.174 0 0 0 0 0 0 
382.294 0 0 0 0 0 0 
382.414 0 0 0 0 0 0 
382.534 0 0 0 0 0 0 
382.654 0 0 0 0 0 0 
382.754 0 0 0 0 0 0 
382.854 0 0 0 0 0 0 
382.954 0 0 0 0 0 0 
383.054 0 0 0 0 0 0 
383.174 0 0 0 0 0 0 
383.274 0 0 0 0 0 0 
383.374 0 0 0 0 0 0 
383.494 0 0 0 0 0 0 
383.594 0 0 0 0 0 0 
383.694 0 0 0 0 0 0 
383.814 0 0 0 0 0 0 
383.934 0 0 0 0 0 0 
384.054 0 0 0 0 0 0 
384.174 0 0 0 0 0 0 
384.274 0 0 0 0 0 0 
384.374 0 0 0 0 0 0 
384.494 0 0 0 0 0 0 
384.614 0 0 0 0 0 0 
384.714 0 0 0 0 0 0 
384.834 0 0 0 0 0 0 
384.954 0 0 0 0 0 0 
385.054 0 0 0 0 0 0 
385.154 0 0 0 0 0 0 
385.274 0 0 0 0 0 0 
385.394 0 0 0 0 0 0 
385.514 0 0 0 0 0 0 
385.634 0 0 0 0 0 0 
385.734 0 0 0 0 0 0 
385.834 0 0 0 0 0 0 
385.934 0 0 0 0 0 0 
386.034 0 0 0 0 0 0 
386.154 0 0 0 0 0 0 
386.254 0 0 0 0 0 0 
386.374 0 0 0 0 0 0 
386.474 0 0 0 0 0 0 
386.595 0 0 0 0 0 0 
386.714 0 0 0 0 0 0 
386.834 0 0 0 0 0 0 
386.934 0 0 0 0 0 0 
387.034 0 0 0 0 0 0 
387.134 0 0 0 0 0 0 
387.234 0 0 0 0 0 0 
387.354 0 0 0 0 0 0 
387.474 0 0 0 0 0 0 
387.574 0 0 0 0 0 0 
387.674 0 0 0 0 0 0 
387.794 0 0 0 0 0 0 
387.894 0 0 0 0 0 0 
387.994 0 0 0 0 0 0 
388.094 0 0 0 0 0 0 
388.195 0 0 0 0 0 0 
388.314 0 0 0 0 0 0 
388.434 0 0 0 0 0 0 
388.554 0 0 0 0 0 0 
388.682 0 0 0 0 0 0 
388.794 0 0 0 0 0 0 
388.894 0 0 0 0 0 0 
388.994 0 0 0 0 0 0 
389.114 0 0 0 0 0 0 
389.214 0 0 0 0 0 0 
389.314 0 0 0 0 0 0 
389.434 0 0 0 0 0 0 
389.534 0 0 0 0 0 0 
389.654 0 0 0 0 0 0 
389.754 0 0 0 0 0 0 
389.874 0 0 0 0 0 0 
389.994 0 0 0 0 0 0 
390.094 0 0 0 0 0 0 
390.194 0 0 0 0 0 0 
390.314 0 0 0 0 0 0 
390.434 0 0 0 0 0 0 
390.534 0 0 0 0 0 0 
390.654 0 0 0 0 0 0 
390.754 0 0 0 0 0 0 
390.854 0 0 0 0 0 0 
390.954 0 0 0 0 0 0 
391.074 0 0 0 0 0 0 
391.194 0 0 0 0 0 0 
391.294 0 0 0 0 0 0 
391.414 0 0 0 0 0 0 
391.534 0 0 0 0 0 0 
391.654 0 0 0 0 0 0 
391.783 0 0 0 0 0 0 
391.894 0 0 0 0 0 0 
391.994 0 0 0 0 0 0 
392.114 0 0 0 0 0 0 
392.234 0 0 0 0 0 0 
392.354 0 0 0 0 0 0 
392.474 0 0 0 0 0 0 
392.594 0 0 0 0 0 0 
392.694 0 0 0 0 0 0 
392.814 0 0 0 0 0 0 
392.934 0 0 0 0 0 0 
393.054 0 0 0 0 0 0 
393.154 0 0 0 0 0 0 
393.274 0 0 0 0 0 0 
393.394 0 0 0 0 0 0 
393.494 0 0 0 0 0 0 
393.594 0 0 0 0 0 0 
393.714 0 0 0 0 0 0 
393.814 0 0 0 0 0 0 
393.914 0 0 0 0 0 0 
394.014 0 0 0 0 0 0 
394.134 0 0 0 0 0 0 
394.254 0 0 0 0 0 0 
394.374 0 0 0 0 0 0 
394.474 0 0 0 0 0 0 
394.574 0 0 0 0 0 0 
394.694 0 0 0 0 0 0 
394.814 0 0 0 0 0 0 
394.934 0 0 0 0 0 0 
395.054 0 0 0 0 0 0 
395.154 0 0 0 0 0 0 
395.254 0 0 0 0 0 0 
395.354 0 0 0 0 0 0 
395.455 0 0 0 0 0 0 
395.574 0 0 0 0 0 0 
395.674 0 0 0 0 0 0 
395.794 0 0 0 0 0 0 
395.914 0 0 0 0 0 0 
396.034 0 0 0 0 0 0 
396.134 0 0 0 0 0 0 
396.234 0 0 0 0 0 0 
396.334 0 0 0 0 0 0 
396.434 0 0 0 0 0 0 
396.554 0 0 0 0 0 0 
396.654 0 0 0 0 0 0 
396.774 0 0 0 0 0 0 
396.894 0 0 0 0 0 0 
397.014 0 0 0 0 0 0 
397.134 0 0 0 0 0 0 
397.234 0 0 0 0 0 0 
397.334 0 0 0 0 0 0 
397.434 0 0 0 0 0 0 
397.554 0 0 0 0 0 0 
397.674 0 0 0 0 0 0 
397.794 0 0 0 0 0 0 
397.914 0 0 0 0 0 0 
398.034 0 0 0 0 0 0 
398.154 0 0 0 0 0 0 
398.254 0 0 0 0 0 0 
398.375 0 0 0 0 0 0 
398.494 0 0 0 0 0 0 
398.594 0 0 0 0 0 0 
398.714 0 0 0 0 0 0 
398.815 0 0 0 0 0 0 
398.934 0 0 0 0 0 0 
399.054 0 0 0 0 0 0 
399.154 0 0 0 0 0 0 
399.274 0 0 0 0 0 0 
399.394 0 0 0 0 0 0 
399.494 0 0 0 0 0 0 
399.614 0 0 0 0 0 0 
399.734 0 0 0 0 0 0 
399.834 0 0 0 0 0 0 
399.934 0 0 0 0 0 0 
400.054 0 0 0 0 0 0 
400.174 0 0 0 0 0 0 
400.294 0 0 0 0 0 0 
400.394 0 0 0 0 0 0 
400.494 0 0 0 0 0 0 
400.614 0 0 0 0 0 0 
400.734 0 0 0 0 0 0 
400.854 0 0 0 0 0 0 
400.954 0 0 0 0 0 0 
401.074 0 0 0 0 0 0 
401.194 0 0 0 0 0 0 
401.294 0 0 0 0 0 0 
401.414 0 0 0 0 0 0 
401.534 0 0 0 0 0 0 
401.654 0 0 0 0 0 0 
401.774 0 0 0 0 0 0 
401.874 0 0 0 0 0 0 
401.994 0 0 0 0 0 0 
402.094 0 0 0 0 0 0 
402.214 0 0 0 0 0 0 
402.334 0 0 0 0 0 0 
402.454 0 0 0 0 0 0 
402.554 0 0 0 0 0 0 
402.674 0 0 0 0 0 0 
402.774 0 0 0 0 0 0 
402.874 0 0 0 0 0 0 
402.974 0 0 0 0 0 0 
403.094 0 0 0 0 0 0 
403.215 0 0 0 0 0 0 
403.337 0 0 0 0 0 0 
403.454 0 0 0 0 0 0 
403.554 0 0 0 0 0 0 
403.675 0 0 0 0 0 0 
403.794 0 0 0 0 0 0 
403.894 0 0 0 0 0 0 
404.014 0 0 0 0 0 0 
404.114 0 0 0 0 0 0 
404.234 0 0 0 0 0 0 
404.334 0 0 0 0 0 0 
404.454 0 0 0 0 0 0 
404.574 0 0 0 0 0 0 
404.674 0 0 0 0 0 0 
404.794 0 0 0 0 0 0 
404.894 0 0 0 0 0 0 
405.014 0 0 0 0 0 0 
405.134 0 0 0 0 0 0 
405.234 0 0 0 0 0 0 
405.334 0 0 0 0 0 0 
405.454 0 0 0 0 0 0 
405.554 0 0 0 0 0 0 
405.654 0 0 0 0 0 0 
405.774 0 0 0 0 0 0 
405.874 0 0 0 0 0 0 
405.974 0 0 0 0 0 0 
406.094 0 0 0 0 0 0 
406.194 0 0 0 0 0 0 
406.314 0 0 0 0 0 0 
406.434 0 0 0 0 0 0 
406.554 0 0 0 0 0 0 
406.674 0 0 0 0 0 0 
406.774 0 0 0 0 0 0 
406.874 0 0 0 0 0 0 
406.974 0 0 0 0 0 0 
407.074 0 0 0 0 0 0 
407.194 0 0 0 0 0 0 
407.294 0 0 0 0 0 0 
407.414 0 0 0 0 0 0 
407.534 0 0 0 0 0 0 
407.634 0 0 0 0 0 0 
407.734 0 0 0 0 0 0 
407.834 0 0 0 0 0 0 
407.954 0 0 0 0 0 0 
408.054 0 0 0 0 0 0 
408.174 0 0 0 0 0 0 
408.274 0 0 0 0 0 0 
408.395 0 0 0 0 0 0 
408.514 0 0 0 0 0 0 
408.614 0 0 0 0 0 0 
408.734 0 0 0 0 0 0 
408.854 0 0 0 0 0 0 
408.974 0 0 0 0 0 0 
409.094 0 0 0 0 0 0 
409.214 0 0 0 0 0 0 
409.334 0 0 0 0 0 0 
409.434 0 0 0 0 0 0 
409.534 0 0 0 0 0 0 
409.634 0 0 0 0 0 0 
409.754 0 0 0 0 0 0 
409.874 0 0 0 0 0 0 
409.994 0 0 0 0 0 0 
410.094 0 0 0 0 0 0 
410.214 0 0 0 0 0 0 
410.334 0 0 0 0 0 0 
410.454 0 0 0 0 0 0 
410.554 0 0 0 0 0 0 
410.675 0 0 0 0 0 0 
410.794 0 0 0 0 0 0 
410.894 0 0 0 0 0 0 
411.014 0 0 0 0 0 0 
411.115 0 0 0 0 0 0 
411.235 0 0 0 0 0 0 
411.354 0 0 0 0 0 0 
411.474 0 0 0 0 0 0 
411.574 0 0 0 0 0 0 
411.694 0 0 0 0 0 0 
411.814 0 0 0 0 0 0 
411.934 0 0 0 0 0 0 
412.034 0 0 0 0 0 0 
412.154 0 0 0 0 0 0 
412.274 0 0 0 0 0 0 
412.394 0 0 0 0 0 0 
412.494 0 0 0 0 0 0 
412.614 0 0 0 0 0 0 
412.714 0 0 0 0 0 0 
412.834 0 0 0 0 0 0 
412.934 0 0 0 0 0 0 
413.054 0 0 0 0 0 0 
413.174 0 0 0 0 0 0 
413.274 0 0 0 0 0 0 
413.394 0 0 0 0 0 0 
413.494 0 0 0 0 0 0 
413.594 0 0 0 0 0 0 
413.694 0 0 0 0 0 0 
413.814 0 0 0 0 0 0 
413.915 0 0 0 0 0 0 
414.034 0 0 0 0 0 0 
414.154 0 0 0 0 0 0 
414.254 0 0 0 0 0 0 
414.374 0 0 0 0 0 0 
414.494 0 0 0 0 0 0 
414.594 0 0 0 0 0 0 
414.714 0 0 0 0 0 0 
414.814 0 0 0 0 0 0 
414.934 0 0 0 0 0 0 
415.034 0 0 0 0 0 0 
415.134 0 0 0 0 0 0 
415.254 0 0 0 0 0 0 
415.354 0 0 0 0 0 0 
415.454 0 0 0 0 0 0 
415.574 0 0 0 0 0 0 
415.677 0 0 0 0 0 0 
415.794 0 0 0 0 0 0 
415.915 0 0 0 0 0 0 
416.034 0 0 0 0 0 0 
416.134 0 0 0 0 0 0 
416.254 0 0 0 0 0 0 
416.354 0 0 0 0 0 0 
416.454 0 0 0 0 0 0 
416.574 0 0 0 0 0 0 
416.674 0 0 0 0 0 0 
416.774 0 0 0 0 0 0 
416.894 0 0 0 0 0 0 
416.994 0 0 0 0 0 0 
417.114 0 0 0 0 0 0 
417.214 0 0 0 0 0 0 
417.334 0 0 0 0 0 0 
417.454 0 0 0 0 0 0 
417.574 0 0 0 0 0 0 
417.675 0 0 0 0 0 0 
417.794 0 0 0 0 0 0 
417.894 0 0 0 0 0 0 
417.994 0 0 0 0 0 0 
418.114 0 0 0 0 0 0 
418.214 0 0 0 0 0 0 
418.334 0 0 0 0 0 0 
418.434 0 0 0 0 0 0 
418.534 0 0 0 0 0 0 
418.654 0 0 0 0 0 0 
418.754 0 0 0 0 0 0 
418.854 0 0 0 0 0 0 
418.976 0 0 0 0 0 0 
419.094 0 0 0 0 0 0 
419.194 0 0 0 0 0 0 
419.314 0 0 0 0 0 0 
419.414 0 0 0 0 0 0 
419.534 0 0 0 0 0 0 
419.634 0 0 0 0 0 0 
419.734 0 0 0 0 0 0 
419.854 0 0 0 0 0 0 
419.954 0 0 0 0 0 0 
420.074 0 0 0 0 0 0 
420.194 0 0 0 0 0 0 
420.294 0 0 0 0 0 0 
420.394 0 0 0 0 0 0 
420.514 0 0 0 0 0 0 
420.634 0 0 0 0 0 0 
420.734 0 0 0 0 0 0 
420.854 0 0 0 0 0 0 
420.954 0 0 0 0 0 0 
421.054 0 0 0 0 0 0 
421.154 0 0 0 0 0 0 
421.254 0 0 0 0 0 0 
421.374 0 0 0 0 0 0 
421.494 0 0 0 0 0 0 
421.614 0 0 0 0 0 0 
421.734 0 0 0 0 0 0 
421.854 0 0 0 0 0 0 
421.974 0 0 0 0 0 0 
422.094 0 0 0 0 0 0 
422.214 0 0 0 0 0 0 
422.314 0 0 0 0 0 0 
422.434 0 0 0 0 0 0 
422.554 0 0 0 0 0 0 
422.654 0 0 0 0 0 0 
422.754 0 0 0 0 0 0 
422.874 0 0 0 0 0 0 
422.994 0 0 0 0 0 0 
423.114 0 0 0 0 0 0 
423.214 0 0 0 0 0 0 
423.314 0 0 0 0 0 0 
423.414 0 0 0 0 0 0 
423.514 0 0 0 0 0 0 
423.634 0 0 0 0 0 0 
423.734 0 0 0 0 0 0 
423.854 0 0 0 0 0 0 
423.974 0 0 0 0 0 0 
424.08 0 0 0 0 0 0 
424.194 0 0 0 0 0 0 
424.294 0 0 0 0 0 0 
424.414 0 0 0 0 0 0 
424.514 0 0 0 0 0 0 
424.634 0 0 0 0 0 0 
424.754 0 0 0 0 0 0 
424.854 0 0 0 0 0 0 
424.974 0 0 0 0 0 0 
425.074 0 0 0 0 0 0 
425.174 0 0 0 0 0 0 
425.301 0 62.9999 0 0 0 0 
425.414 0 93.1302 0 0 0 0 
425.516 0 142.8 0 0 0 0 
425.634 0 119 0 0 0 0 
425.754 0 112.737 0 0 0 0 
425.874 0 112.737 0 0 0 0 
425.994 0 119 0 0 0 0 
426.094 0 112.737 0 0 0 0 
426.214 0 102 0 0 0 0 
426.314 0 119 0 0 0 0 
426.434 0 97.3634 0 0 0 0 
426.534 0 107.1 0 0 0 0 
426.654 0 112.737 0 0 0 0 
426.774 0 112.737 0 0 0 0 
426.874 0 126 0 0 0 0 
426.974 0 112.737 0 0 0 0 
427.074 0 107.1 0 0 0 0 
427.194 0 102 0 0 0 0 
427.294 0 97.3634 0 0 0 0 
427.414 0 107.1 0 0 0 0 
427.534 0 112.737 0 0 0 0 
427.654 0 112.737 0 0 0 0 
427.754 0 119 0 0 0 0 
427.874 0 112.737 0 0 0 0 
427.994 0 107.1 0 0 0 0 
428.094 0 112.737 0 0 0 0 
428.214 0 112.737 0 0 0 0 
428.314 0 112.737 0 0 0 0 
428.434 0 112.737 0 0 0 0 
428.554 0 107.1 0 0 0 0 
428.674 0 112.737 0 0 0 0 
428.774 0 112.737 0 0 0 0 
428.894 0 112.737 0 0 0 0 
429.014 0 107.1 0 0 0 0 
429.114 0 107.1 0 0 0 0 
429.214 0 107.1 0 0 0 0 
429.314 0 112.737 0 0 0 0 
429.434 0 119 0 0 0 0 
429.534 0 107.1 0 0 0 0 
429.654 0 107.1 0 0 0 0 
429.776 0 107.1 0 0 0 0 
429.894 0 107.1 0 0 0 0 
429.994 0 119 0 0 0 0 
430.094 0 107.1 0 0 0 0 
430.214 0 119 0 0 0 0 
430.314 0 107.1 0 0 0 0 
430.414 0 112.737 0 0 0 0 
430.514 0 107.1 0 0 0 0 
430.634 0 112.737 0 0 0 0 
430.734 0 102 0 0 0 0 
430.854 0 112.737 0 0 0 0 
430.954 0 112.737 0 0 0 0 
431.054 0 107.1 0 0 0 0 
431.174 0 112.737 0 0 0 0 
431.274 0 112.737 0 0 0 0 
431.394 0 107.1 0 0 0 0 
431.514 0 112.737 0 0 0 0 
431.614 0 119 0 0 0 0 
431.734 0 112.737 0 0 0 0 
431.834 0 102 0 0 0 0 
431.954 0 112.737 0 0 0 0 
432.076 0 112.737 0 0 0 0 
432.194 0 112.737 0 0 0 0 
432.314 0 112.737 0 0 0 0 
432.434 0 112.737 0 0 0 0 
432.534 0 112.737 0 0 0 0 
432.634 0 119 0 0 0 0 
432.754 0 112.737 0 0 0 0 
432.854 0 112.737 0 0 0 0 
432.954 0 119 0 0 0 0 
433.074 0 112.737 0 0 0 0 
433.194 0 107.1 0 0 0 0 
433.294 0 107.1 0 0 0 0 
433.394 0 107.1 0 0 0 0 
433.514 0 112.737 0 0 0 0 
433.614 0 119 0 0 0 0 
433.714 0 119 0 0 0 0 
433.834 0 126 0 0 0 0 
433.954 0 112.737 0 0 0 0 
434.054 0 112.737 0 0 0 0 
434.174 0 107.1 0 0 0 0 
434.274 0 112.737 0 0 0 0 
434.394 0 112.737 0 0 0 0 
434.494 0 112.737 0 0 0 0 
434.594 0 126 0 0 0 0 
434.694 0 119 0 0 0 0 
434.814 0 107.1 0 0 0 0 
434.914 0 112.737 0 0 0 0 
435.034 0 102 0 0 0 0 
435.154 0 107.1 0 0 0 0 
435.28 0 112.737 0 0 0 0 
435.394 0 119 0 0 0 0 
435.514 0 112.737 0 0 0 0 
435.634 0 107.1 0 0 0 0 
435.754 0 107.1 0 0 0 0 
435.854 0 107.1 0 0 0 0 
435.974 0 112.737 0 0 0 0 
436.074 0 112.737 0 0 0 0 
436.194 0 107.1 0 0 0 0 
436.314 0 142.8 0 0 0 0 
436.434 0 119 0 0 0 0 
436.554 0 107.1 0 0 0 0 
436.654 0 112.737 0 0 0 0 
436.754 0 107.1 0 0 0 0 
436.874 0 107.1 0 0 0 0 
436.994 0 107.1 0 0 0 0 
437.094 0 112.737 0 0 0 0 
437.214 0 107.1 0 0 0 0 
437.334 0 133.875 0 0 0 0 
437.454 0 112.737 0 0 0 0 
437.554 0 126 0 0 0 0 
437.674 0 112.737 0 0 0 0 
437.794 0 107.1 0 0 0 0 
437.914 0 102 0 0 0 0 
438.034 0 112.737 0 0 0 0 
438.154 0 112.737 0 0 0 0 
438.274 0 112.737 0 0 0 0 
438.395 0 112.737 0 0 0 0 
438.514 0 112.737 0 0 0 0 
438.634 0 112.737 0 0 0 0 
438.754 0 107.1 0 0 0 0 
438.854 0 112.737 0 0 0 0 
438.974 0 112.737 0 0 0 0 
439.094 0 112.737 0 0 0 0 
439.194 0 102 0 0 0 0 
439.295 0 107.1 0 0 0 0 
439.414 0 107.1 0 0 0 0 
439.534 0 107.1 0 0 0 0 
439.654 0 107.1 0 0 0 0 
439.754 0 119 0 0 0 0 
439.854 0 142.8 0 0 0 0 
439.974 0 112.737 0 0 0 0 
440.094 0 107.1 0 0 0 0 
440.214 0 107.1 0 0 0 0 
440.334 0 126 0 0 0 0 
440.434 0 133.875 0 0 0 0 
440.534 0 112.737 0 0 0 0 
440.654 0 119 0 0 0 0 
440.774 0 112.737 0 0 0 0 
440.894 0 112.737 0 0 0 0 
441.014 0 102 0 0 0 0 
441.114 0 119 0 0 0 0 
441.214 0 107.1 0 0 0 0 
441.334 0 112.737 0 0 0 0 
441.434 0 112.737 0 0 0 0 
441.534 0 112.737 0 0 0 0 
441.654 0 107.1 0 0 0 0 
441.774 0 112.737 0 0 0 0 
441.874 0 107.1 0 0 0 0 
441.994 0 112.737 0 0 0 0 
442.114 0 102 0 0 0 0 
442.214 0 107.1 0 0 0 0 
442.334 0 119 0 0 0 0 
442.454 0 112.737 0 0 0 0 
442.554 0 112.737 0 0 0 0 
442.654 0 107.1 0 0 0 0 
442.774 0 107.1 0 0 0 0 
442.874 0 107.1 0 0 0 0 
442.975 0 107.1 0 0 0 0 
443.094 0 107.1 0 0 0 0 
443.214 0 119 0 0 0 0 
443.314 0 102 0 0 0 0 
443.434 0 112.737 0 0 0 0 
443.554 0 112.737 0 0 0 0 
443.674 0 107.1 0 0 0 0 
443.774 0 107.1 0 0 0 0 
443.894 0 102 0 0 0 0 
444.014 0 119 0 0 0 0 
444.114 0 119 0 0 0 0 
444.234 0 112.737 0 0 0 0 
444.354 0 119 0 0 0 0 
444.474 0 112.737 0 0 0 0 
444.574 0 112.737 0 0 0 0 
444.694 0 107.1 0 0 0 0 
444.814 0 102 0 0 0 0 
444.934 0 112.737 0 0 0 0 
445.034 0 112.737 0 0 0 0 
445.154 0 119 0 0 0 0 
445.254 0 107.1 0 0 0 0 
445.354 0 112.737 0 0 0 0 
445.474 0 107.1 0 0 0 0 
445.594 0 107.1 0 0 0 0 
445.714 0 119 0 0 0 0 
445.814 0 112.737 0 0 0 0 
445.934 0 112.737 0 0 0 0 
446.054 0 119 0 0 0 0 
446.154 0 112.737 0 0 0 0 
446.274 0 107.1 0 0 0 0 
446.394 0 112.737 0 0 0 0 
446.514 0 102 0 0 0 0 
446.614 0 119 0 0 0 0 
446.734 0 112.737 0 0 0 0 
446.834 0 107.1 0 0 0 0 
446.954 0 102 0 0 0 0 
447.054 0 107.1 0 0 0 0 
447.174 0 107.1 0 0 0 0 
447.274 0 107.1 0 0 0 0 
447.394 0 107.1 0 0 0 0 
447.494 0 126 0 0 0 0 
447.614 0 107.1 0 0 0 0 
447.734 0 119 0 0 0 0 
447.854 0 112.737 0 0 0 0 
447.974 0 112.737 0 0 0 0 
448.094 0 107.1 0 0 0 0 
448.214 0 107.1 0 0 0 0 
448.334 0 97.3634 0 0 0 0 
448.434 0 107.1 0 0 0 0 
448.534 0 112.737 0 0 0 0 
448.634 0 112.737 0 0 0 0 
448.754 0 142.8 0 0 0 0 
448.854 0 102 0 0 0 0 
448.954 0 112.737 0 0 0 0 
449.054 0 102 0 0 0 0 
449.174 0 107.1 0 0 0 0 
449.274 0 112.737 0 0 0 0 
449.395 0 97.3634 0 0 0 0 
449.514 0 112.737 0 0 0 0 
449.634 0 112.737 0 0 0 0 
449.754 0 107.1 0 0 0 0 
449.854 0 112.737 0 0 0 0 
449.954 0 107.1 0 0 0 0 
450.054 0 107.1 0 0 0 0 
450.155 0 112.737 0 0 0 0 
450.274 0 107.1 0 0 0 0 
450.394 0 112.737 0 0 0 0 
450.514 0 112.737 0 0 0 0 
450.614 0 107.1 0 0 0 0 
450.734 0 107.1 0 0 0 0 
450.834 0 102 0 0 0 0 
450.954 0 126 0 0 0 0 
451.054 0 112.737 0 0 0 0 
451.174 0 119 0 0 0 0 
451.274 0 107.1 0 0 0 0 
451.374 0 119 0 0 0 0 
451.494 0 107.1 0 0 0 0 
451.614 0 112.737 0 0 0 0 
451.714 0 102 0 0 0 0 
451.814 0 126 0 0 0 0 
451.934 0 119 0 0 0 0 
452.054 0 107.1 0 0 0 0 
452.154 0 107.1 0 0 0 0 
452.274 0 112.737 0 0 0 0 
452.374 0 119 0 0 0 0 
452.474 0 107.1 0 0 0 0 
452.575 0 107.1 0 0 0 0 
452.676 0 79.3331 0 0 0 0 
452.794 0 178.5 0 0 0 0 
452.894 0 112.737 0 0 0 0 
453.014 0 112.737 0 0 0 0 
453.134 0 107.1 0 0 0 0 
453.254 0 112.737 0 0 0 0 
453.374 0 107.1 0 0 0 0 
453.494 0 112.737 0 0 0 0 
453.594 0 119 0 0 0 0 
453.694 0 107.1 0 0 0 0 
453.814 0 107.1 0 0 0 0 
453.914 0 107.1 0 0 0 0 
454.014 0 112.737 0 0 0 0 
454.134 0 112.737 0 0 0 0 
454.234 0 93.1302 0 0 0 0 
454.334 0 107.1 0 0 0 0 
454.454 0 112.737 0 0 0 0 
454.554 0 119 0 0 0 0 
454.654 0 119 0 0 0 0 
454.774 0 107.1 0 0 0 0 
454.894 0 107.1 0 0 0 0 
455.001 0 102 0 0 0 0 
455.114 0 112.737 0 0 0 0 
455.234 0 112.737 0 0 0 0 
455.334 0 107.1 0 0 0 0 
455.454 0 112.737 0 0 0 0 
455.574 0 107.1 0 0 0 0 
455.694 0 102 0 0 0 0 
455.814 0 102 0 0 0 0 
455.934 0 112.737 0 0 0 0 
456.054 0 119 0 0 0 0 
456.154 0 119 0 0 0 0 
456.274 0 112.737 0 0 0 0 
456.374 0 112.737 0 0 0 0 
456.474 0 112.737 0 0 0 0 
456.594 0 112.737 0 0 0 0 
456.714 0 107.1 0 0 0 0 
456.814 0 112.737 0 0 0 0 
456.934 0 112.737 0 0 0 0 
457.034 0 112.737 0 0 0 0 
457.154 0 119 0 0 0 0 
457.274 0 112.737 0 0 0 0 
457.394 0 112.737 0 0 0 0 
457.514 0 107.1 0 0 0 0 
457.634 0 93.1302 0 0 0 0 
457.755 0 112.737 0 0 0 0 
457.874 0 102 0 0 0 0 
457.974 0 112.737 0 0 0 0 
458.074 0 112.737 0 0 0 0 
