0.536152 588.235 769.231 625 238.095 0 312.5
1.13617 588.235 714.286 555.556 163.934 0 294.118
1.63618 526.316 769.231 625 212.766 0 312.5
2.23615 555.556 714.286 588.235 285.714 0 285.714
2.83613 526.316 714.286 555.556 175.439 0 270.27
3.33614 588.235 666.667 588.235 212.766 0 303.03
3.83615 555.556 714.286 625 256.41 0 303.03
4.43731 588.235 666.667 625 285.714 0 322.581
5.03615 588.235 769.231 588.235 196.078 0 312.5
5.63616 526.316 769.231 588.235 263.158 0 312.5
6.23615 588.235 769.231 588.235 217.391 0 294.118
6.73616 526.316 714.286 625 200 0 277.778
7.33615 555.556 714.286 625 256.41 0 294.118
7.83635 588.235 714.286 588.235 277.778 0 270.27
8.43615 666.667 909.091 625 196.078 0 312.5
8.93618 588.235 714.286 588.235 250 0 263.158
9.53616 555.556 769.231 714.286 303.03 0 294.118
10.0362 555.556 769.231 625 188.679 0 312.5
10.6362 588.235 769.231 555.556 243.902 0 294.118
11.1362 555.556 714.286 666.667 322.581 0 333.333
11.7361 588.235 769.231 666.667 181.818 0 303.03
12.2362 526.316 666.667 625 232.558 0 277.778
12.8362 714.286 833.333 769.231 370.37 0 416.667
13.3363 769.231 909.091 833.333 277.778 0 370.37
13.9362 714.286 833.333 769.231 333.333 0 344.828
14.4362 666.667 833.333 769.231 294.118 0 357.143
15.0362 666.667 909.091 769.231 322.581 0 400
15.6361 714.286 909.091 833.333 344.828 0 416.667
16.1362 666.667 909.091 769.231 294.118 0 357.143
16.7362 714.286 833.333 666.667 416.667 0 400
17.3361 714.286 769.231 714.286 285.714 0 370.37
17.8362 714.286 833.333 769.231 344.828 0 416.667
18.4361 769.231 833.333 909.091 285.714 0 384.615
18.9362 769.231 769.231 769.231 333.333 0 370.37
19.5362 666.667 909.091 769.231 357.143 0 370.37
20.0362 833.333 909.091 909.091 357.143 0 434.783
20.5362 714.286 909.091 833.333 434.783 0 400
21.1361 833.333 1000 769.231 357.143 0 434.783
21.6381 833.333 909.091 833.333 434.783 0 500
22.2362 909.091 909.091 833.333 357.143 0 434.783
22.8361 909.091 1000 769.231 434.783 0 434.783
23.3362 833.333 909.091 833.333 370.37 0 526.316
23.8363 833.333 1000 1000 434.783 0 454.545
24.4361 833.333 909.091 833.333 357.143 0 434.783
24.9361 833.333 1000 833.333 400 0 476.19
25.4362 833.333 909.091 833.333 357.143 0 416.667
26.0362 909.091 909.091 909.091 434.783 0 500
26.5362 909.091 909.091 1000 357.143 0 454.545
27.0362 909.091 909.091 909.091 434.783 0 500
27.6361 909.091 1000 1000 357.143 0 454.545
28.1362 909.091 909.091 833.333 434.783 0 434.783
28.7362 909.091 1000 1000 400 0 526.316
29.3362 909.091 1111.11 1000 400 0 625
29.8362 909.091 1111.11 1000 454.545 0 526.316
30.3362 909.091 1000 1000 416.667 0 588.235
30.9361 909.091 1000 1000 384.615 0 526.316
31.5361 1111.11 1111.11 833.333 400 0 526.316
32.0361 1111.11 1111.11 909.091 476.19 0 526.316
32.5362 909.091 1000 1000 416.667 0 588.235
33.0362 1000 1000 1000 476.19 0 526.316
33.6362 1000 1000 1000 434.783 0 500
34.1362 909.091 1000 1000 434.783 0 555.556
34.6362 1000 1000 1111.11 434.783 0 555.556
35.2361 1000 1000 1111.11 416.667 0 500
35.7361 1111.11 714.286 1111.11 500 0 555.556
36.2362 1111.11 1111.11 1000 416.667 0 625
36.7362 1000 1000 1000 555.556 0 625
37.2362 1111.11 1000 1111.11 434.783 0 555.556
37.7362 1000 1000 1000 500 0 625
38.2362 909.091 1111.11 1111.11 476.19 0 625
38.8361 1000 1000 909.091 384.615 0 588.235
39.4361 1000 1111.11 1000 476.19 0 588.235
39.9362 1250 1000 909.091 434.783 0 588.235
40.5362 909.091 1111.11 1111.11 476.19 0 555.556
41.1362 1000 1111.11 1000 555.556 0 588.235
41.7361 1000 1111.11 1000 454.545 0 666.667
42.2362 1000 1111.11 1250 434.783 0 666.667
42.8361 1111.11 1111.11 1111.11 500 0 588.235
43.3361 1111.11 1000 1111.11 434.783 0 555.556
43.8362 1111.11 1000 1111.11 526.316 0 588.235
44.4361 1000 1000 1111.11 434.783 0 555.556
44.9362 1000 1000 1000 476.19 0 625
45.4362 1111.11 1111.11 1111.11 500 0 526.316
45.9362 1111.11 1250 1111.11 454.545 0 625
46.5362 1250 1111.11 909.091 500 0 666.667
47.1361 1111.11 1250 1111.11 555.556 0 625
47.7361 1000 1111.11 1000 454.545 0 625
48.3361 1000 1111.11 1111.11 476.19 0 666.667
48.8361 1000 1000 1428.57 526.316 0 625
49.3362 1111.11 714.286 1111.11 500 0 625
49.9361 1111.11 1111.11 1111.11 454.545 0 714.286
50.4362 1250 1111.11 1428.57 476.19 0 625
51.0361 1111.11 1111.11 1000 476.19 0 588.235
51.5361 1250 1250 1111.11 555.556 0 625
52.0362 370.37 333.333 333.333 227.273 0 200
52.5362 370.37 333.333 333.333 227.273 0 200
53.0362 370.37 333.333 333.333 227.273 0 200
53.6361 370.37 333.333 333.333 227.273 0 200
54.1361 370.37 333.333 333.333 227.273 0 200
54.7361 370.37 333.333 333.333 227.273 0 200
55.2361 370.37 333.333 333.333 227.273 0 200
55.7362 370.37 333.333 333.333 227.273 0 200
56.3362 370.37 333.333 333.333 227.273 0 200
56.9362 370.37 333.333 333.333 227.273 0 200
57.5362 370.37 333.333 333.333 227.273 0 200
58.1361 370.37 333.333 333.333 227.273 0 200
58.6361 370.37 333.333 333.333 227.273 0 200
59.2361 370.37 333.333 333.333 227.273 0 200
59.7361 370.37 333.333 333.333 227.273 0 200
60.3373 370.37 333.333 333.333 227.273 0 200
60.9362 370.37 333.333 333.333 227.273 0 200
61.5361 370.37 333.333 333.333 227.273 0 200
62.0362 370.37 333.333 333.333 227.273 0 200
62.6361 370.37 333.333 333.333 227.273 0 200
63.1361 370.37 333.333 333.333 227.273 0 200
63.6362 370.37 333.333 333.333 227.273 0 200
64.2361 370.37 333.333 333.333 227.273 0 200
64.7361 370.37 333.333 333.333 227.273 0 200
65.2362 370.37 333.333 333.333 227.273 0 200
65.8361 370.37 333.333 333.333 227.273 0 200
66.4362 370.37 333.333 333.333 227.273 0 200
67.0361 370.37 333.333 333.333 227.273 0 200
67.6361 370.37 333.333 333.333 227.273 0 200
68.1361 370.37 333.333 333.333 227.273 0 200
68.6362 370.37 333.333 333.333 227.273 0 200
69.2361 370.37 333.333 333.333 227.273 0 200
69.7362 370.37 333.333 333.333 227.273 0 200
70.3361 370.37 333.333 333.333 227.273 0 200
70.9361 370.37 333.333 333.333 227.273 0 200
71.4361 370.37 333.333 333.333 227.273 0 200
71.9361 370.37 344.828 232.558 227.273 0 277.778
72.4362 370.37 500 277.778 500 0 333.333
73.0362 370.37 454.545 250 588.235 0 344.828
73.6361 370.37 500 312.5 526.316 0 384.615
74.1362 370.37 500 285.714 500 0 370.37
74.7362 370.37 454.545 285.714 588.235 0 400
75.2362 370.37 500 294.118 500 0 344.828
75.7362 370.37 476.19 294.118 526.316 0 416.667
76.2367 370.37 500 285.714 625 0 333.333
76.8361 370.37 500 322.581 588.235 0 400
77.3362 370.37 434.783 277.778 500 0 384.615
77.9362 370.37 500 303.03 526.316 0 370.37
78.5362 370.37 500 333.333 588.235 0 370.37
79.1362 370.37 454.545 303.03 555.556 0 384.615
79.7361 370.37 500 277.778 526.316 0 400
80.3361 370.37 476.19 270.27 500 0 370.37
80.8362 370.37 454.545 277.778 555.556 0 357.143
81.4361 370.37 500 322.581 500 0 370.37
81.9362 370.37 434.783 277.778 526.316 0 416.667
82.4362 370.37 526.316 263.158 625 0 370.37
82.9362 370.37 666.667 555.556 666.667 0 526.316
83.5362 370.37 666.667 555.556 714.286 0 588.235
84.0362 370.37 714.286 555.556 714.286 0 500
84.6362 370.37 714.286 526.316 769.231 0 526.316
85.2361 370.37 625 555.556 714.286 0 588.235
85.7362 370.37 666.667 526.316 714.286 0 500
86.3361 370.37 714.286 555.556 666.667 0 526.316
86.9361 370.37 714.286 588.235 666.667 0 476.19
87.4361 370.37 714.286 476.19 666.667 0 500
88.0362 370.37 714.286 555.556 666.667 0 588.235
88.5362 370.37 714.286 555.556 714.286 0 555.556
89.1361 370.37 769.231 526.316 714.286 0 555.556
89.7361 370.37 769.231 476.19 714.286 0 588.235
90.3361 370.37 714.286 588.235 714.286 0 625
90.8361 370.37 714.286 588.235 714.286 0 588.235
91.4361 370.37 666.667 526.316 666.667 0 588.235
92.0361 370.37 714.286 526.316 714.286 0 588.235
92.6361 370.37 666.667 526.316 714.286 0 526.316
93.1361 370.37 714.286 555.556 769.231 0 666.667
93.6361 370.37 666.667 555.556 714.286 0 666.667
94.1361 370.37 625 526.316 833.333 0 555.556
94.6362 370.37 666.667 555.556 714.286 0 555.556
95.2362 370.37 666.667 588.235 769.231 0 555.556
95.8361 370.37 666.667 526.316 769.231 0 625
96.3362 370.37 625 526.316 714.286 0 588.235
96.9362 370.37 588.235 555.556 666.667 0 588.235
97.5361 370.37 666.667 555.556 769.231 0 625
98.0361 370.37 666.667 555.556 714.286 0 555.556
98.5362 370.37 769.231 555.556 666.667 0 588.235
99.0362 769.231 909.091 666.667 833.333 0 769.231
99.5362 714.286 909.091 666.667 909.091 0 769.231
100.136 666.667 909.091 714.286 909.091 0 833.333
100.636 666.667 909.091 769.231 909.091 0 909.091
101.236 666.667 833.333 714.286 909.091 0 769.231
101.736 714.286 833.333 769.231 1000 0 769.231
102.236 714.286 833.333 714.286 909.091 0 833.333
102.736 588.235 833.333 714.286 909.091 0 833.333
103.336 666.667 833.333 714.286 833.333 0 769.231
103.936 769.231 833.333 714.286 833.333 0 769.231
104.436 666.667 909.091 769.231 833.333 0 833.333
104.937 625 769.231 714.286 833.333 0 769.231
105.536 714.286 769.231 769.231 909.091 0 769.231
106.136 714.286 769.231 769.231 833.333 0 909.091
106.736 714.286 909.091 769.231 1000 0 833.333
107.236 666.667 833.333 769.231 909.091 0 769.231
107.836 666.667 833.333 666.667 909.091 0 833.333
108.336 714.286 909.091 714.286 909.091 0 833.333
108.936 666.667 833.333 666.667 833.333 0 833.333
109.536 769.231 769.231 666.667 714.286 0 1000
110.136 1000 833.333 769.231 909.091 0 1000
110.736 909.091 1000 769.231 1111.11 0 1111.11
111.236 833.333 909.091 769.231 909.091 0 909.091
111.736 833.333 1000 909.091 1000 0 1000
112.236 1000 909.091 714.286 833.333 0 909.091
112.836 909.091 1000 833.333 1000 0 1000
113.436 769.231 909.091 769.231 1111.11 0 1000
113.936 769.231 1000 769.231 1000 0 1000
114.536 1000 909.091 833.333 833.333 0 1000
115.136 909.091 1000 909.091 833.333 0 909.091
115.636 909.091 833.333 909.091 1000 0 1000
116.136 833.333 909.091 769.231 909.091 0 1000
116.636 833.333 833.333 833.333 909.091 0 1000
117.136 909.091 1000 909.091 1111.11 0 909.091
117.736 833.333 1000 909.091 833.333 0 909.091
118.236 909.091 909.091 833.333 909.091 0 909.091
118.836 769.231 1000 909.091 909.091 0 909.091
119.436 833.333 909.091 909.091 1000 0 909.091
119.936 833.333 1000 833.333 1000 0 1000
120.536 833.333 909.091 1000 909.091 0 1000
121.036 909.091 1111.11 909.091 1000 0 909.091
121.636 909.091 1111.11 1000 1000 0 1000
122.136 1000 1111.11 1000 1000 0 1000
122.636 833.333 1111.11 714.286 666.667 0 769.231
123.236 1000 1111.11 909.091 1111.11 0 1000
123.736 1000 1111.11 1000 1000 0 1000
124.336 909.091 909.091 1000 909.091 0 1111.11
124.836 909.091 1000 1111.11 909.091 0 1111.11
125.336 1000 1111.11 909.091 1111.11 0 1111.11
125.836 1000 1111.11 1000 1111.11 0 1000
126.436 769.231 1000 1000 1000 0 1111.11
126.936 909.091 1111.11 909.091 909.091 0 1000
127.536 909.091 1000 909.091 909.091 0 1000
128.037 1000 1000 833.333 1000 0 1000
128.636 909.091 1000 909.091 833.333 0 1000
129.136 833.333 1000 1000 909.091 0 1111.11
129.636 909.091 1111.11 1000 769.231 0 1111.11
130.236 714.286 1111.11 1000 769.231 0 909.091
130.736 714.286 1000 1000 769.231 0 1000
131.336 833.333 1111.11 909.091 833.333 0 1000
131.836 400 454.545 322.581 294.118 0 555.556
132.436 400 294.118 322.581 inf 0 200
132.936 400 294.118 322.581 inf 0 200
133.536 400 294.118 322.581 inf 0 200
134.036 400 294.118 322.581 inf 0 200
